abstract                1.0       0.94      0.96      0.95      2962
address                 1.0       0.83      0.86      0.85       297
affiliation             1.0       0.85      0.80      0.82       532
author          1.0       0.89      0.76      0.82       387
date            1.0       0.84      0.94      0.88        65
degree          1.0       0.58      0.62      0.60        63
email           1.0       0.95      0.90      0.92       215
intro           1.0       0.98      0.94      0.96       196
keyword                 1.0       0.58      0.39      0.46       101
note            1.0       0.51      0.50      0.50       273
page            1.0       1.00      1.00      1.00        72
phone           1.0       0.81      0.92      0.86        24
pubnum          1.0       0.57      0.68      0.62        25
title           1.0       0.86      0.85      0.86       450
web             1.0       0.94      1.00      0.97        17