</phone><phone> 88
(510) 14
Phone: 13
Tel: 13
Fax: 11
+1 10
* 8
FAX 6
643-9153 5
643-7684 5
(512) 5
+44 4
121 4
414 4
(0) 4
TEL: 4
FAX: 4
fax: 4
642 4
32 3
(fax) 3
(USA) 3
(617) 3
: 3
43 2
(314) 2
PH: 2
Telephone: 2
+45 2
819 2
(614)-292-2911 2
fax 2
(313) 2
471-8885 2
(818) 2
376 2
(413) 2
88 2
(614)-292-5199, 2
4281 2
(206) 2
(+351) 2
(+386)(61) 2
35 2
tel. 2
510 2
512 2
72 2
tel.: 2
2 2
phone 2
562 2
(514) 2
(608) 2
14 2
322 2
432-6432 2
9951 2
(415)859-5272 2
613 2
4791, 2
(212) 2
215 1
608/262-0016 1
(203) 1
(503) 1
935-7302 1
501-4956 1
3654 1
621-9406 1
+39-2-2399-3666 1
Fax 1
21 1
1773 1
+39-11-564-7008 1
545 1
ext. 1
2. 1
212-939-7000 1
510-642-1857. 1
608/262-2091 1
7597 1
898-7449 1
<phone> 1
13 1
6687; 1
935-4215 1
(713) 1
936-1563 1
6096 1
+49-89-63812-251 1
5185 1
413 1
x 1
508.858.5976 1
(615) 1
767-3172 1
8609 1
596 1
1122 1
343-4111 1
1-413-545-0207 1
89 1
(808) 1
253 1
(512)-471-9541 1
527-4834 1
85 1
+44-121-414-3739 1
767-2884 1
253-8839 1
919-677-1119 1
/ 1
548-5738 1
217-356-2288 1
986-1360 1
+39-2-2399-3567 1
543-2969 1
phone: 1
528-8649 1
512) 1
(412) 1
617-253-2245 1
262-6627 1
+39.382.391350 1
5775 1
Tel 1
(412)268-2570 1
471-9792, 1
5187 1
908 1
1-413-545-3179 1
510-643-5806. 1
(Office), 1
617/253-9601 1
471-9547 1
508.858.5756 1
607 1
412.268.7598 1
262-0856 1
(+39) 1
608/262-9777 1
600 1
(+65) 1
315-443-2322/(fax) 1
939-7078. 1
978 1
Phone 1
6 1
(316) 1
5029 1
(44)273 1
606755 1
5277037 1
(510)642-1490 1
(407) 1
+46-(0)18-550225 1
+43-1-53401-0 1
763-0391 1
322-9951 1
94 1
3787 1
949-6418 1
412.268.5569 1
+31 1
1258-158 1
18 1
+39-2-2399-3638 1
9940 1
+32-2-6503169 1
8830 1
1. 1
690-1121 1
1-413-545-1585 1
650-497-7543 1
956-3489 1
(+65)-772-6563; 1
int 1
471-9720 1
(Fax), 1
510-643-2383. 1
779-4580 1
545-1249 1
3239 1
42 1
87 1
253-0039 1
5800 1
398-7348 1
685-2094; 1
203 1
(202) 1
x541, 1
</phone> 1
617 1
978-3925 1
939-7080 1
01 1
984-8461 1
71 1
(+45) 1
272, 1
Tel. 1
234-2860 1
(voice), 1
5125; 1
1-413-545-2447 1
398-6042 1
(416) 1
545-3179 1
