采样长度: 354 708
采样: [[ 0.          0.35294118  0.         ...,  1.          0.66666667  0.        ]
 [ 0.          0.47058824  0.         ...,  3.          0.25        0.        ]
 [ 2.          0.41176471  0.         ...,  4.          0.52941176  0.        ]
 ..., 
 [ 0.          0.18181818  0.         ...,  0.          1.          0.        ]
 [ 0.          1.          0.         ...,  0.          0.33333333  0.        ]
 [ 0.          0.45454545  0.         ...,  0.          1.          0.        ]]
用0算法
采样长度: 318 636
采样: [[ 1.          0.42857143  0.         ...,  2.          0.6         0.        ]
 [ 0.          0.33333333  0.         ...,  1.          0.5         0.        ]
 [ 0.          0.6         1.         ...,  0.          0.25        1.        ]
 ..., 
 [ 0.          0.22222222  0.         ...,  0.          1.          0.        ]
 [ 0.          0.14285714  0.         ...,  0.          1.          0.        ]
 [ 0.          0.16666667  0.         ...,  0.          1.          0.        ]]
用1算法
采样长度: 410 820
采样: [[ 0.          0.42857143  0.         ...,  1.          0.75        0.        ]
 [ 0.          0.35714286  0.         ...,  0.          0.5         0.        ]
 [ 0.          0.45454545  0.         ...,  1.          0.5         0.        ]
 ..., 
 [ 0.          0.          0.         ...,  0.          1.          0.        ]
 [ 0.          1.          0.         ...,  0.          0.2         0.        ]
 [ 0.          0.11111111  0.         ...,  0.          1.          0.        ]]
用2算法
采样长度: 342 684
采样: [[ 0.          0.5         0.         ...,  1.          0.66666667  0.        ]
 [ 0.          0.44444444  0.         ...,  2.          0.25        0.        ]
 [ 0.          0.14285714  0.         ...,  1.          0.66666667  0.        ]
 ..., 
 [ 0.          0.25714286  0.         ...,  1.          0.66666667  0.        ]
 [ 0.          0.28571429  0.         ...,  2.          1.          0.        ]
 [ 1.          0.33333333  0.         ...,  0.          0.75        0.        ]]
用1算法
采样长度: 271 542
采样: [[ 0.          0.375       0.         ...,  0.          1.          0.        ]
 [ 0.          0.31578947  0.         ...,  1.          0.54545455  0.        ]
 [ 0.          0.35        0.         ...,  2.          0.25        0.        ]
 ..., 
 [ 0.          0.          0.         ...,  0.          1.          0.        ]
 [ 1.          0.16666667  0.         ...,  0.          0.77777778  0.        ]
 [ 0.          0.08        0.         ...,  0.          1.          0.        ]]
用2算法
采样长度: 450 900
采样: [[ 0.          0.34615385  0.         ...,  5.          0.52631579  0.        ]
 [ 1.          0.75        0.         ...,  1.          1.          0.        ]
 [ 0.          0.4         0.         ...,  0.          0.8         0.        ]
 ..., 
 [ 0.          0.33333333  0.         ...,  2.          1.          0.        ]
 [ 0.          0.5         0.         ...,  0.          0.5         0.        ]
 [ 0.          0.          0.         ...,  0.          1.          0.        ]]
用2算法
采样长度: 460 920
采样: [[ 0.          0.71428571  0.         ...,  1.          0.25        0.        ]
 [ 0.          0.33333333  0.         ...,  1.          0.6         0.        ]
 [ 0.          0.5         0.         ...,  2.          0.5         0.        ]
 ..., 
 [ 0.          0.23076923  0.         ...,  0.          1.          0.        ]
 [ 0.          0.          0.         ...,  0.          1.          0.        ]
 [ 0.          1.          0.         ...,  0.          1.          0.        ]]
用1算法
采样长度: 444 888
采样: [[ 1.          0.26666667  0.         ...,  0.          0.6         0.        ]
 [ 1.          0.14285714  0.         ...,  0.          0.66666667  0.        ]
 [ 0.          0.26666667  0.         ...,  0.          0.75        0.        ]
 ..., 
 [ 0.          1.          0.         ...,  0.          0.33333333  0.        ]
 [ 0.          0.2         0.         ...,  0.          1.          0.        ]
 [ 0.          0.25        0.         ...,  0.          0.5         0.        ]]
用1算法
采样长度: 297 594
采样: [[ 0.          0.41666667  0.         ...,  4.          0.44444444  0.        ]
 [ 0.          0.41666667  0.         ...,  0.          0.5         0.        ]
 [ 1.          0.28571429  0.         ...,  3.          1.          0.        ]
 ..., 
 [ 0.          0.5         0.         ...,  0.          1.          0.        ]
 [ 0.          0.16666667  0.         ...,  0.          1.          0.        ]
 [ 0.          0.33333333  0.         ...,  1.          1.          0.        ]]
用1算法
采样长度: 369 738
采样: [[ 0.          0.47058824  0.         ...,  3.          0.25        0.        ]
 [ 1.          0.15        0.         ...,  1.          0.76923077  0.        ]
 [ 0.          0.5         0.         ...,  2.          0.6         0.        ]
 ..., 
 [ 0.          0.5         0.         ...,  0.          1.          0.        ]
 [ 0.          0.3125      0.         ...,  0.          1.          0.        ]
 [ 1.          0.33333333  0.         ...,  0.          1.          0.        ]]
用0算法
正在处理第0个分类器
W sum 1.0
sg, [ 1. -1. -1. ..., -1.  1. -1.]
self.y_test, [-1. -1. -1. ..., -1. -1. -1.]
e value: 0.30304631097
alpha  0.416416664975
sum: [ 0.41641666 -0.41641666 -0.41641666 ..., -0.41641666  0.41641666
 -0.41641666]
错误数: 1992
             precision    recall  f1-score   support

       -1.0       0.99      0.69      0.81      5406
        1.0       0.12      0.82      0.21       273

avg / total       0.95      0.70      0.78      5679

正在处理第1个分类器
W sum 1.0
sg, [-1. -1. -1. ..., -1. -1. -1.]
self.y_test, [-1. -1. -1. ..., -1. -1. -1.]
e value: 0.255922147687
alpha  0.533636190966
sum: [-0.11721953 -0.95005286 -0.95005286 ..., -0.95005286 -0.11721953
 -0.95005286]
错误数: 1448
             precision    recall  f1-score   support

       -1.0       0.99      0.80      0.88      5406
        1.0       0.17      0.77      0.27       273

avg / total       0.95      0.80      0.86      5679

正在处理第2个分类器
W sum 1.0
sg, [ 1. -1. -1. ..., -1. -1. -1.]
self.y_test, [-1. -1. -1. ..., -1. -1. -1.]
e value: 0.3268788565
alpha  0.361167842905
sum: [ 0.24394832 -1.3112207  -1.3112207  ..., -1.3112207  -0.47838737
 -1.3112207 ]
错误数: 1411
             precision    recall  f1-score   support

       -1.0       0.99      0.81      0.89      5406
        1.0       0.18      0.82      0.30       273

avg / total       0.95      0.81      0.86      5679

正在处理第3个分类器
W sum 1.0
sg, [ 1. -1. -1. ..., -1. -1. -1.]
self.y_test, [-1. -1. -1. ..., -1. -1. -1.]
e value: 0.468381109656
alpha  0.0633222798461
sum: [ 0.3072706  -1.37454298 -1.37454298 ..., -1.37454298 -0.54170965
 -1.37454298]
错误数: 1411
             precision    recall  f1-score   support

       -1.0       0.99      0.81      0.89      5406
        1.0       0.18      0.82      0.30       273

avg / total       0.95      0.81      0.86      5679

正在处理第4个分类器
W sum 1.0
sg, [ 1. -1. -1. ...,  1. -1. -1.]
self.y_test, [-1. -1. -1. ..., -1. -1. -1.]
e value: 0.449876031075
alpha  0.100585796281
sum: [ 0.40785639 -1.47512877 -1.47512877 ..., -1.27395718 -0.64229545
 -1.47512877]
错误数: 1411
             precision    recall  f1-score   support

       -1.0       0.99      0.81      0.89      5406
        1.0       0.18      0.82      0.30       273

avg / total       0.95      0.81      0.86      5679

正在处理第5个分类器
W sum 1.0
sg, [ 1. -1. -1. ..., -1.  1. -1.]
self.y_test, [-1. -1. -1. ..., -1. -1. -1.]
e value: 0.43065463329
alpha  0.139590383678
sum: [ 0.54744678 -1.61471916 -1.61471916 ..., -1.41354757 -0.50270506
 -1.61471916]
错误数: 1397
             precision    recall  f1-score   support

       -1.0       0.99      0.81      0.89      5406
        1.0       0.18      0.83      0.30       273

avg / total       0.95      0.81      0.86      5679

正在处理第6个分类器
W sum 1.0
sg, [-1. -1. -1. ...,  1.  1. -1.]
self.y_test, [-1. -1. -1. ..., -1. -1. -1.]
e value: 0.494734052597
alpha  0.010532284234
sum: [ 0.53691449 -1.62525144 -1.62525144 ..., -1.40301528 -0.49217278
 -1.62525144]
错误数: 1397
             precision    recall  f1-score   support

       -1.0       0.99      0.81      0.89      5406
        1.0       0.18      0.83      0.30       273

avg / total       0.95      0.81      0.86      5679

正在处理第7个分类器
W sum 1.0
sg, [-1. -1. -1. ...,  1. -1. -1.]
self.y_test, [-1. -1. -1. ..., -1. -1. -1.]
e value: 0.4751711323
alpha  0.0496986127461
sum: [ 0.48721588 -1.67495006 -1.67495006 ..., -1.35331667 -0.54187139
 -1.67495006]
错误数: 1397
             precision    recall  f1-score   support

       -1.0       0.99      0.81      0.89      5406
        1.0       0.18      0.83      0.30       273

avg / total       0.95      0.81      0.86      5679

正在处理第8个分类器
W sum 1.0
sg, [ 1. -1. -1. ..., -1.  1. -1.]
self.y_test, [-1. -1. -1. ..., -1. -1. -1.]
e value: 0.469485863883
alpha  0.0611042075797
sum: [ 0.54832009 -1.73605426 -1.73605426 ..., -1.41442088 -0.48076718
 -1.73605426]
错误数: 1384
             precision    recall  f1-score   support

       -1.0       0.99      0.82      0.90      5406
        1.0       0.19      0.83      0.30       273

avg / total       0.95      0.82      0.87      5679

正在处理第9个分类器
W sum 1.0
sg, [ 1. -1. -1. ..., -1. -1. -1.]
self.y_test, [-1. -1. -1. ..., -1. -1. -1.]
e value: 0.390555059766
alpha  0.222489825712
sum: [ 0.77080991 -1.95854409 -1.95854409 ..., -1.6369107  -0.70325701
 -1.95854409]
错误数: 1327
             precision    recall  f1-score   support

       -1.0       0.99      0.83      0.90      5406
        1.0       0.20      0.82      0.32       273

avg / total       0.95      0.83      0.87      5679

i: 0
i: 1
i: 2
i: 3
i: 4
i: 5
i: 6
i: 7
i: 8
i: 9
             precision    recall  f1-score   support

       -1.0       0.99      0.83      0.90      5406
        1.0       0.20      0.82      0.32       273

avg / total       0.95      0.83      0.87      5679

