采样长度: 504 1008
采样: [[ 0.          0.45454545  0.         ...,  2.          1.          0.        ]
 [ 1.          0.5         1.         ...,  0.          0.2         1.        ]
 [ 0.          0.42857143  0.         ...,  2.          1.          0.        ]
 ..., 
 [ 0.          0.33333333  0.         ...,  1.          0.75        0.        ]
 [ 0.          0.          0.         ...,  0.          1.          0.        ]
 [ 0.          0.47058824  0.         ...,  1.          0.5         0.        ]]
用1算法
采样长度: 426 852
采样: [[ 0.          0.          0.         ...,  0.          1.          0.        ]
 [ 0.          0.125       0.         ...,  1.          0.75        0.        ]
 [ 0.          0.4         0.         ...,  2.          0.25        0.        ]
 ..., 
 [ 0.          0.33333333  0.         ...,  0.          0.75        0.        ]
 [ 1.          0.42857143  0.         ...,  0.          1.          0.        ]
 [ 0.          0.33333333  0.         ...,  1.          0.55555556  0.        ]]
用2算法
采样长度: 496 992
采样: [[ 1.          0.34285714  0.         ...,  7.          0.6         0.        ]
 [ 0.          0.5         0.         ...,  5.          0.375       0.        ]
 [ 0.          0.47368421  0.         ...,  2.          0.22222222  0.        ]
 ..., 
 [ 0.          0.24        0.         ...,  0.          1.          0.        ]
 [ 0.          0.28571429  0.         ...,  0.          1.          0.        ]
 [ 0.          0.15384615  0.         ...,  0.          0.5         0.        ]]
用2算法
采样长度: 497 994
采样: [[ 1.          0.35714286  0.         ...,  4.          0.625       0.        ]
 [ 0.          0.45454545  0.         ...,  1.          0.5         0.        ]
 [ 0.          0.4         0.         ...,  0.          0.66666667  0.        ]
 ..., 
 [ 0.          0.30769231  0.         ...,  0.          0.5         1.        ]
 [ 0.          0.4         0.         ...,  0.          0.5         0.        ]
 [ 1.          1.          0.         ...,  0.          0.33333333  0.        ]]
用0算法
采样长度: 461 922
采样: [[ 0.          0.42857143  0.         ...,  0.          0.5         0.        ]
 [ 1.          0.15384615  0.         ...,  0.          0.75        0.        ]
 [ 1.          0.41666667  0.         ...,  4.          0.5         0.        ]
 ..., 
 [ 0.          1.          0.         ...,  0.          1.          0.        ]
 [ 0.          0.23529412  0.         ...,  1.          0.33333333  0.        ]
 [ 0.          0.5         0.         ...,  3.          0.4         0.        ]]
用2算法
采样长度: 428 856
采样: [[ 2.          0.5         0.         ...,  1.          0.33333333  0.        ]
 [ 0.          0.38461538  0.         ...,  3.          0.75        0.        ]
 [ 1.          0.375       0.         ...,  0.          0.57142857  0.        ]
 ..., 
 [ 0.          0.2         0.         ...,  0.          1.          0.        ]
 [ 0.          1.          0.         ...,  0.          0.5         0.        ]
 [ 1.          0.2         0.         ...,  0.          0.5         0.        ]]
用1算法
采样长度: 435 870
采样: [[ 0.          0.5625      0.         ...,  6.          0.5         0.        ]
 [ 1.          0.32        0.         ...,  0.          0.5625      1.        ]
 [ 0.          0.4         0.         ...,  0.          1.          0.        ]
 ..., 
 [ 3.          0.18181818  0.         ...,  0.          0.6         0.        ]
 [ 0.          0.33333333  0.         ...,  0.          1.          0.        ]
 [ 2.          0.33333333  0.         ...,  0.          0.625       0.        ]]
用1算法
采样长度: 460 920
采样: [[ 1.          0.5         0.         ...,  3.          0.28571429  0.        ]
 [ 0.          0.5         0.         ...,  4.          0.5         0.        ]
 [ 1.          0.2         0.         ...,  1.          0.83333333  0.        ]
 ..., 
 [ 0.          0.29411765  0.         ...,  0.          1.          0.        ]
 [ 0.          0.2         0.         ...,  0.          1.          0.        ]
 [ 0.          0.66666667  0.         ...,  0.          0.5         0.        ]]
用1算法
采样长度: 432 864
采样: [[ 2.          0.375       0.         ...,  2.          0.25        0.        ]
 [ 0.          0.          0.         ...,  0.          1.          0.        ]
 [ 0.          0.          0.         ...,  0.          1.          0.        ]
 ..., 
 [ 0.          0.23529412  1.         ...,  0.          0.5         0.        ]
 [ 0.          0.5         0.         ...,  0.          0.5         0.        ]
 [ 0.          0.1         0.         ...,  0.          0.88888889  0.        ]]
用1算法
采样长度: 440 880
采样: [[ 0.          0.          0.         ...,  0.          1.          0.        ]
 [ 0.          0.          0.         ...,  0.          1.          0.        ]
 [ 1.          0.26666667  0.         ...,  4.          0.625       0.        ]
 ..., 
 [ 0.          0.28571429  0.         ...,  0.          0.625       1.        ]
 [ 0.          0.14285714  0.         ...,  0.          1.          0.        ]
 [ 0.          0.36363636  1.         ...,  1.          0.42857143  0.        ]]
用1算法
采样长度: 488 976
采样: [[ 1.          0.5         0.         ...,  3.          0.375       0.        ]
 [ 1.          0.42857143  0.         ...,  5.          0.33333333  0.        ]
 [ 0.          0.36363636  0.         ...,  2.          0.5         0.        ]
 ..., 
 [ 0.          0.5         0.         ...,  1.          0.5         0.        ]
 [ 0.          0.16666667  0.         ...,  0.          1.          0.        ]
 [ 0.          0.5         0.         ...,  0.          1.          0.        ]]
用1算法
采样长度: 468 936
采样: [[ 1.          0.375       0.         ...,  0.          0.57142857  0.        ]
 [ 0.          0.25        0.         ...,  0.          0.75        0.        ]
 [ 0.          0.28571429  0.         ...,  0.          0.6         1.        ]
 ..., 
 [ 1.          0.5         0.         ...,  0.          0.66666667  0.        ]
 [ 0.          0.5         0.         ...,  0.          1.          0.        ]
 [ 1.          0.5         0.         ...,  0.          0.66666667  0.        ]]
用1算法
采样长度: 413 826
采样: [[ 0.          0.28571429  0.         ...,  1.          0.66666667  0.        ]
 [ 1.          0.42857143  0.         ...,  5.          0.33333333  0.        ]
 [ 0.          0.31578947  0.         ...,  2.          0.5         0.        ]
 ..., 
 [ 0.          0.4         0.         ...,  1.          1.          0.        ]
 [ 0.          1.          0.         ...,  0.          1.          0.        ]
 [ 0.          0.20833333  0.         ...,  0.          1.          0.        ]]
用1算法
采样长度: 443 886
采样: [[ 0.          0.42857143  0.         ...,  0.          0.5         0.        ]
 [ 0.          0.36842105  0.         ...,  0.          0.63636364  0.        ]
 [ 0.          0.2         0.         ...,  2.          0.66666667  0.        ]
 ..., 
 [ 0.          0.23076923  0.         ...,  1.          0.66666667  0.        ]
 [ 1.          0.27272727  0.         ...,  0.          1.          0.        ]
 [ 0.          0.28571429  0.         ...,  0.          1.          0.        ]]
用2算法
采样长度: 440 880
采样: [[ 0.          0.          0.         ...,  0.          1.          0.        ]
 [ 0.          0.33333333  0.         ...,  1.          0.66666667  0.        ]
 [ 1.          0.33333333  0.         ...,  0.          0.5         0.        ]
 ..., 
 [ 1.          0.33333333  0.         ...,  0.          0.66666667  0.        ]
 [ 1.          1.          0.         ...,  0.          0.33333333  0.        ]
 [ 0.          0.4375      0.         ...,  0.          0.33333333  0.        ]]
用2算法
采样长度: 428 856
采样: [[ 0.          0.33333333  0.         ...,  1.          0.5         0.        ]
 [ 1.          0.5         0.         ...,  3.          0.75        0.        ]
 [ 0.          0.25        0.         ...,  2.          0.61538462  0.        ]
 ..., 
 [ 0.          0.33333333  0.         ...,  0.          0.66666667  0.        ]
 [ 0.          1.          0.         ...,  0.          0.5         1.        ]
 [ 0.          0.125       0.         ...,  0.          1.          0.        ]]
用1算法
采样长度: 445 890
采样: [[ 1.          0.4375      0.         ...,  5.          0.5         0.        ]
 [ 0.          0.          0.         ...,  0.          1.          0.        ]
 [ 0.          0.22222222  0.         ...,  0.          0.85714286  1.        ]
 ..., 
 [ 0.          0.33333333  0.         ...,  0.          1.          0.        ]
 [ 0.          0.26666667  0.         ...,  0.          0.5         0.        ]
 [ 0.          0.5         0.         ...,  0.          0.66666667  1.        ]]
用2算法
采样长度: 422 844
采样: [[ 0.          0.5         0.         ...,  0.          0.4         0.        ]
 [ 0.          0.3125      0.         ...,  0.          1.          0.        ]
 [ 0.          0.16666667  0.         ...,  0.          0.8         0.        ]
 ..., 
 [ 0.          0.25        0.         ...,  1.          1.          0.        ]
 [ 0.          0.1         0.         ...,  0.          1.          0.        ]
 [ 0.          0.31578947  0.         ...,  0.          1.          0.        ]]
用0算法
采样长度: 504 1008
采样: [[ 1.          0.42857143  0.         ...,  5.          0.33333333  0.        ]
 [ 0.          0.4         0.         ...,  0.          0.57142857  0.        ]
 [ 0.          0.22222222  0.         ...,  2.          0.5         0.        ]
 ..., 
 [ 0.          0.16666667  0.         ...,  0.          0.66666667  0.        ]
 [ 0.          0.          0.         ...,  0.          1.          0.        ]
 [ 0.          0.25        0.         ...,  0.          1.          0.        ]]
用2算法
采样长度: 469 938
采样: [[ 1.          0.46666667  0.         ...,  2.          0.57142857  0.        ]
 [ 0.          0.33333333  0.         ...,  3.          0.42857143  0.        ]
 [ 0.          0.          0.         ...,  0.          1.          0.        ]
 ..., 
 [ 2.          0.75        0.         ...,  0.          0.25        0.        ]
 [ 0.          0.42857143  0.         ...,  1.          0.8         0.        ]
 [ 0.          1.          0.         ...,  0.          0.5         0.        ]]
用0算法
采样长度: 460 920
采样: [[ 1.          0.33333333  0.         ...,  2.          0.75        0.        ]
 [ 0.          0.          0.         ...,  0.          1.          0.        ]
 [ 0.          0.33333333  0.         ...,  1.          0.6         0.        ]
 ..., 
 [ 0.          0.11111111  0.         ...,  0.          1.          0.        ]
 [ 0.          0.75        0.         ...,  3.          0.25        0.        ]
 [ 0.          0.18181818  0.         ...,  0.          1.          0.        ]]
用0算法
采样长度: 440 880
采样: [[ 0.          0.16666667  0.         ...,  4.          0.78571429  0.        ]
 [ 0.          0.          0.         ...,  0.          1.          0.        ]
 [ 0.          0.28571429  0.         ...,  1.          0.66666667  0.        ]
 ..., 
 [ 0.          0.375       0.         ...,  0.          0.66666667  0.        ]
 [ 0.          0.          0.         ...,  0.          1.          0.        ]
 [ 0.          0.07692308  0.         ...,  0.          1.          0.        ]]
用0算法
采样长度: 405 810
采样: [[ 2.          0.2         0.         ...,  0.          1.          0.        ]
 [ 1.          0.33333333  0.         ...,  0.          0.5         0.        ]
 [ 0.          0.          0.         ...,  0.          1.          0.        ]
 ..., 
 [ 0.          0.          0.         ...,  0.          1.          0.        ]
 [ 0.          1.          0.         ...,  0.          1.          0.        ]
 [ 0.          0.          0.         ...,  0.          1.          0.        ]]
用2算法
采样长度: 484 968
采样: [[ 0.          0.09090909  0.         ...,  0.          1.          0.        ]
 [ 0.          0.6         0.         ...,  1.          0.25        0.        ]
 [ 0.          0.33333333  0.         ...,  0.          1.          0.        ]
 ..., 
 [ 0.          0.5         0.         ...,  2.          1.          0.        ]
 [ 0.          0.5         0.         ...,  0.          0.5         0.        ]
 [ 1.          0.6         1.         ...,  0.          0.25        0.        ]]
用0算法
采样长度: 487 974
采样: [[ 0.          0.33333333  0.         ...,  0.          1.          0.        ]
 [ 0.          0.52941176  0.         ...,  3.          0.57142857  0.        ]
 [ 1.          0.36363636  0.         ...,  2.          0.5         0.        ]
 ..., 
 [ 0.          0.30769231  0.         ...,  1.          1.          0.        ]
 [ 1.          0.55555556  0.         ...,  0.          0.44444444  0.        ]
 [ 0.          0.83333333  0.         ...,  3.          0.2         0.        ]]
用1算法
采样长度: 464 928
采样: [[ 0.          0.35714286  0.         ...,  0.          0.5         0.        ]
 [ 0.          0.45454545  0.         ...,  1.          0.36363636  1.        ]
 [ 0.          0.3         0.         ...,  1.          1.          0.        ]
 ..., 
 [ 1.          0.25        0.         ...,  0.          0.5         0.        ]
 [ 0.          0.5         0.         ...,  0.          0.5         0.        ]
 [ 0.          0.25        0.         ...,  0.          1.          0.        ]]
用0算法
采样长度: 419 838
采样: [[ 0.          0.28571429  0.         ...,  0.          0.75        0.        ]
 [ 0.          0.6         1.         ...,  0.          0.25        1.        ]
 [ 0.          0.09090909  0.         ...,  0.          0.85714286  0.        ]
 ..., 
 [ 1.          0.66666667  0.         ...,  0.          0.5         0.        ]
 [ 1.          1.          0.         ...,  0.          0.33333333  0.        ]
 [ 0.          0.66666667  0.         ...,  0.          0.5         0.        ]]
用1算法
采样长度: 421 842
采样: [[ 0.          0.33333333  0.         ...,  0.          0.66666667  0.        ]
 [ 0.          0.27272727  0.         ...,  2.          0.5         0.        ]
 [ 0.          0.42857143  0.         ...,  3.          0.4         0.        ]
 ..., 
 [ 0.          1.          0.         ...,  2.          0.25        0.        ]
 [ 0.          0.33333333  0.         ...,  0.          1.          0.        ]
 [ 0.          0.5         0.         ...,  1.          1.          0.        ]]
用1算法
采样长度: 497 994
采样: [[ 1.          0.15384615  0.         ...,  0.          0.6         0.        ]
 [ 0.          0.16666667  0.         ...,  4.          0.78571429  0.        ]
 [ 0.          0.61538462  0.         ...,  1.          0.4         0.        ]
 ..., 
 [ 0.          0.33333333  0.         ...,  0.          0.5         0.        ]
 [ 0.          0.          0.         ...,  0.          1.          0.        ]
 [ 0.          0.42857143  0.         ...,  1.          1.          0.        ]]
用0算法
采样长度: 424 848
采样: [[ 0.          0.61538462  0.         ...,  3.          0.33333333  0.        ]
 [ 0.          0.          0.         ...,  0.          1.          0.        ]
 [ 0.          0.          0.         ...,  0.          1.          0.        ]
 ..., 
 [ 0.          0.1875      0.         ...,  0.          1.          0.        ]
 [ 0.          0.3125      0.         ...,  0.          0.5         0.        ]
 [ 1.          0.5         1.         ...,  0.          0.33333333  0.        ]]
用1算法
采样长度: 431 862
采样: [[ 0.          0.2         0.         ...,  1.          0.75        0.        ]
 [ 1.          0.33333333  0.         ...,  2.          0.75        0.        ]
 [ 2.          0.36363636  0.         ...,  2.          0.55555556  0.        ]
 ..., 
 [ 0.          0.6         0.         ...,  0.          0.6         0.        ]
 [ 3.          0.44444444  0.         ...,  0.          0.5         0.        ]
 [ 0.          1.          0.         ...,  2.          0.25        0.        ]]
用0算法
采样长度: 428 856
采样: [[ 2.          0.58823529  1.         ...,  4.          0.2         0.        ]
 [ 0.          0.23529412  0.         ...,  2.          0.57142857  0.        ]
 [ 0.          0.58823529  0.         ...,  4.          0.27272727  0.        ]
 ..., 
 [ 0.          0.125       0.         ...,  0.          1.          0.        ]
 [ 0.          1.          0.         ...,  0.          1.          0.        ]
 [ 0.          1.          0.         ...,  0.          0.5         0.        ]]
用2算法
采样长度: 466 932
采样: [[ 0.          0.375       0.         ...,  0.          0.83333333  0.        ]
 [ 1.          0.26666667  0.         ...,  2.          0.625       0.        ]
 [ 0.          0.41176471  0.         ...,  2.          0.5         0.        ]
 ..., 
 [ 0.          0.5         0.         ...,  0.          0.5         0.        ]
 [ 0.          0.25        0.         ...,  0.          1.          0.        ]
 [ 0.          0.16666667  0.         ...,  0.          1.          0.        ]]
用1算法
采样长度: 483 966
采样: [[ 0.          0.3125      0.         ...,  2.          0.75        0.        ]
 [ 0.          0.          0.         ...,  0.          1.          0.        ]
 [ 0.          0.33333333  0.         ...,  4.          0.58333333  0.        ]
 ..., 
 [ 0.          0.23076923  0.         ...,  0.          1.          0.        ]
 [ 0.          0.4         0.         ...,  0.          0.5         0.        ]
 [ 0.          0.66666667  0.         ...,  0.          0.5         0.        ]]
用1算法
采样长度: 433 866
采样: [[ 0.          0.33333333  0.         ...,  0.          1.          0.        ]
 [ 0.          0.30769231  0.         ...,  2.          0.75        0.        ]
 [ 0.          0.          0.         ...,  0.          1.          0.        ]
 ..., 
 [ 0.          0.4         0.         ...,  0.          1.          0.        ]
 [ 0.          0.375       0.         ...,  0.          0.6         1.        ]
 [ 1.          0.41666667  1.         ...,  0.          0.33333333  0.        ]]
用1算法
采样长度: 466 932
采样: [[ 0.          0.42307692  0.         ...,  7.          0.27272727  0.        ]
 [ 0.          0.4         0.         ...,  1.          1.          0.        ]
 [ 0.          0.          0.         ...,  0.          1.          0.        ]
 ..., 
 [ 0.          0.75        0.         ...,  0.          0.5         0.        ]
 [ 0.          0.21428571  0.         ...,  0.          1.          0.        ]
 [ 0.          1.          0.         ...,  0.          0.5         0.        ]]
用0算法
采样长度: 435 870
采样: [[ 1.          0.21428571  0.         ...,  3.          0.66666667  0.        ]
 [ 2.          0.26666667  0.         ...,  3.          0.66666667  0.        ]
 [ 0.          0.23529412  1.         ...,  1.          0.63636364  0.        ]
 ..., 
 [ 0.          0.14285714  0.         ...,  0.          1.          0.        ]
 [ 0.          0.26666667  0.         ...,  0.          0.66666667  0.        ]
 [ 0.          0.5         0.         ...,  0.          0.66666667  0.        ]]
用2算法
采样长度: 416 832
采样: [[ 0.          0.5         0.         ...,  2.          0.5         0.        ]
 [ 1.          0.36363636  0.         ...,  2.          0.5         0.        ]
 [ 1.          0.30769231  0.         ...,  3.          0.83333333  0.        ]
 ..., 
 [ 0.          0.53846154  0.         ...,  2.          0.25        1.        ]
 [ 0.          0.16666667  0.         ...,  0.          1.          0.        ]
 [ 0.          1.          0.         ...,  0.          0.5         0.        ]]
用2算法
采样长度: 490 980
采样: [[ 0.          0.5         0.         ...,  0.          0.5         0.        ]
 [ 1.          0.17647059  0.         ...,  2.          0.8         0.        ]
 [ 1.          0.33333333  0.         ...,  2.          0.75        0.        ]
 ..., 
 [ 0.          1.          0.         ...,  0.          0.5         0.        ]
 [ 0.          1.          0.         ...,  0.          1.          0.        ]
 [ 0.          0.46666667  0.         ...,  0.          1.          0.        ]]
用2算法
采样长度: 406 812
采样: [[ 0.          0.28571429  0.         ...,  1.          0.75        0.        ]
 [ 2.          0.2         0.         ...,  0.          1.          0.        ]
 [ 0.          0.25        0.         ...,  1.          0.71428571  0.        ]
 ..., 
 [ 0.          0.5         2.         ...,  0.          0.2         0.        ]
 [ 0.          0.11111111  0.         ...,  0.          1.          0.        ]
 [ 0.          0.375       0.         ...,  0.          0.57142857  0.        ]]
用0算法
采样长度: 482 964
采样: [[ 0.          0.13333333  0.         ...,  1.          0.66666667  0.        ]
 [ 0.          0.33333333  0.         ...,  1.          0.5         0.        ]
 [ 0.          0.27272727  0.         ...,  1.          0.83333333  0.        ]
 ..., 
 [ 1.          0.30769231  0.         ...,  0.          0.66666667  0.        ]
 [ 0.          0.33333333  0.         ...,  0.          0.66666667  0.        ]
 [ 3.          0.57142857  0.         ...,  0.          0.5         0.        ]]
用2算法
采样长度: 498 996
采样: [[ 0.          0.33333333  0.         ...,  3.          0.42857143  0.        ]
 [ 0.          0.375       0.         ...,  5.          0.71428571  0.        ]
 [ 1.          0.26666667  0.         ...,  4.          0.625       0.        ]
 ..., 
 [ 0.          0.11111111  0.         ...,  0.          1.          0.        ]
 [ 0.          1.          0.         ...,  3.          0.25        0.        ]
 [ 0.          0.4         0.         ...,  0.          0.6         0.        ]]
用0算法
采样长度: 472 944
采样: [[ 0.          0.38461538  0.         ...,  5.          0.42857143  0.        ]
 [ 0.          0.4         0.         ...,  2.          0.25        0.        ]
 [ 0.          0.21052632  0.         ...,  0.          0.63636364  0.        ]
 ..., 
 [ 0.          0.14285714  0.         ...,  0.          1.          0.        ]
 [ 0.          1.          0.         ...,  0.          1.          0.        ]
 [ 1.          0.5         1.         ...,  0.          0.33333333  0.        ]]
用0算法
采样长度: 478 956
采样: [[ 0.          0.23529412  0.         ...,  2.          0.5         0.        ]
 [ 0.          0.42857143  0.         ...,  1.          1.          0.        ]
 [ 0.          0.33333333  0.         ...,  2.          0.7         0.        ]
 ..., 
 [ 4.          0.85714286  0.         ...,  0.          0.14285714  0.        ]
 [ 0.          0.11111111  0.         ...,  0.          1.          0.        ]
 [ 1.          0.5         1.         ...,  0.          0.2         0.        ]]
用2算法
采样长度: 408 816
采样: [[ 0.          0.33333333  0.         ...,  1.          1.          0.        ]
 [ 0.          0.14285714  0.         ...,  0.          0.66666667  0.        ]
 [ 1.          0.5         0.         ...,  3.          0.33333333  0.        ]
 ..., 
 [ 0.          0.33333333  0.         ...,  0.          0.75        0.        ]
 [ 0.          0.35294118  0.         ...,  0.          1.          0.        ]
 [ 0.          0.25        0.         ...,  0.          1.          0.        ]]
用1算法
采样长度: 422 844
采样: [[ 0.          0.5         0.         ...,  2.          0.6         0.        ]
 [ 0.          0.26666667  0.         ...,  0.          0.75        0.        ]
 [ 0.          0.66666667  0.         ...,  1.          0.42857143  0.        ]
 ..., 
 [ 0.          0.33333333  0.         ...,  1.          0.66666667  0.        ]
 [ 4.          1.          0.         ...,  0.          0.2         0.        ]
 [ 0.          1.          0.         ...,  0.          0.5         0.        ]]
用2算法
采样长度: 494 988
采样: [[ 1.          0.5625      0.         ...,  4.          0.22222222  0.        ]
 [ 2.          0.5         0.         ...,  1.          0.33333333  0.        ]
 [ 0.          0.66666667  0.         ...,  0.          0.33333333  0.        ]
 ..., 
 [ 0.          0.          0.         ...,  0.          1.          0.        ]
 [ 0.          0.16666667  0.         ...,  0.          0.75        0.        ]
 [ 0.          0.          0.         ...,  0.          1.          0.        ]]
用2算法
采样长度: 433 866
采样: [[ 1.          0.5         0.         ...,  3.          0.375       0.        ]
 [ 2.          0.2         0.         ...,  0.          1.          0.        ]
 [ 0.          0.          0.         ...,  0.          1.          0.        ]
 ..., 
 [ 0.          0.30769231  0.         ...,  0.          1.          0.        ]
 [ 0.          0.33333333  0.         ...,  2.          0.66666667  0.        ]
 [ 0.          0.5         0.         ...,  0.          1.          0.        ]]
用0算法
采样长度: 486 972
采样: [[ 1.          0.5         0.         ...,  3.          0.75        0.        ]
 [ 0.          0.          0.         ...,  0.          1.          0.        ]
 [ 0.          0.5         0.         ...,  0.          0.4         0.        ]
 ..., 
 [ 0.          0.36363636  0.         ...,  0.          1.          0.        ]
 [ 0.          0.22222222  0.         ...,  0.          0.6         0.        ]
 [ 0.          0.21428571  0.         ...,  0.          1.          0.        ]]
用0算法
采样长度: 501 1002
采样: [[ 1.          0.125       0.         ...,  0.          0.66666667  0.        ]
 [ 2.          0.5         0.         ...,  1.          0.33333333  0.        ]
 [ 1.          0.41666667  0.         ...,  0.          0.28571429  0.        ]
 ..., 
 [ 1.          0.66666667  0.         ...,  0.          0.5         0.        ]
 [ 0.          0.625       0.         ...,  4.          0.28571429  0.        ]
 [ 0.          0.75        0.         ...,  0.          0.5         0.        ]]
用2算法
正在处理第0个分类器
W sum 1.0
sg, [ 1. -1. -1. ...,  1. -1. -1.]
self.y_test, [-1. -1. -1. ..., -1. -1. -1.]
e value: 0.195456946646
alpha  0.707467173628
sum: [ 0.70746717 -0.70746717 -0.70746717 ...,  0.70746717 -0.70746717
 -0.70746717]
错误数: 1393
             precision    recall  f1-score   support

       -1.0       0.98      0.81      0.89      5406
        1.0       0.16      0.73      0.26       273

avg / total       0.94      0.80      0.86      5679

正在处理第1个分类器
W sum 1.0
sg, [ 1. -1.  1. ..., -1. -1. -1.]
self.y_test, [-1. -1. -1. ..., -1. -1. -1.]
e value: 0.318703601829
alpha  0.379867964039
sum: [ 1.08733514 -1.08733514 -0.32759921 ...,  0.32759921 -1.08733514
 -1.08733514]
错误数: 1393
             precision    recall  f1-score   support

       -1.0       0.98      0.81      0.89      5406
        1.0       0.16      0.73      0.26       273

avg / total       0.94      0.80      0.86      5679

正在处理第2个分类器
W sum 1.0
sg, [-1. -1.  1. ..., -1. -1. -1.]
self.y_test, [-1. -1. -1. ..., -1. -1. -1.]
e value: 0.435218494871
alpha  0.13029537386
sum: [ 0.95703976 -1.21763051 -0.19730384 ...,  0.19730384 -1.21763051
 -1.21763051]
错误数: 1393
             precision    recall  f1-score   support

       -1.0       0.98      0.81      0.89      5406
        1.0       0.16      0.73      0.26       273

avg / total       0.94      0.80      0.86      5679

正在处理第3个分类器
W sum 1.0
sg, [ 1. -1. -1. ..., -1. -1. -1.]
self.y_test, [-1. -1. -1. ..., -1. -1. -1.]
e value: 0.278947313944
alpha  0.474844641561
sum: [ 1.43188441 -1.69247515 -0.67214848 ..., -0.27754081 -1.69247515
 -1.69247515]
错误数: 1144
             precision    recall  f1-score   support

       -1.0       0.99      0.86      0.92      5406
        1.0       0.22      0.77      0.34       273

avg / total       0.95      0.86      0.89      5679

正在处理第4个分类器
W sum 1.0
sg, [ 1. -1. -1. ..., -1.  1. -1.]
self.y_test, [-1. -1. -1. ..., -1. -1. -1.]
e value: 0.460846809629
alpha  0.0784670275513
sum: [ 1.51035143 -1.77094218 -0.7506155  ..., -0.35600783 -1.61400813
 -1.77094218]
错误数: 1191
             precision    recall  f1-score   support

       -1.0       0.99      0.85      0.92      5406
        1.0       0.21      0.78      0.33       273

avg / total       0.95      0.85      0.89      5679

正在处理第5个分类器
W sum 1.0
sg, [ 1. -1. -1. ..., -1. -1. -1.]
self.y_test, [-1. -1. -1. ..., -1. -1. -1.]
误差率过大，作废
正在处理第6个分类器
W sum 1.0
sg, [ 1. -1. -1. ..., -1.  1. -1.]
self.y_test, [-1. -1. -1. ..., -1. -1. -1.]
误差率过大，作废
正在处理第7个分类器
W sum 1.0
sg, [ 1. -1. -1. ..., -1. -1. -1.]
self.y_test, [-1. -1. -1. ..., -1. -1. -1.]
误差率过大，作废
正在处理第8个分类器
W sum 1.0
sg, [ 1. -1. -1. ..., -1.  1. -1.]
self.y_test, [-1. -1. -1. ..., -1. -1. -1.]
误差率过大，作废
正在处理第9个分类器
W sum 1.0
sg, [ 1. -1. -1. ..., -1.  1. -1.]
self.y_test, [-1. -1. -1. ..., -1. -1. -1.]
误差率过大，作废
正在处理第10个分类器
W sum 1.0
sg, [-1. -1. -1. ..., -1.  1. -1.]
self.y_test, [-1. -1. -1. ..., -1. -1. -1.]
误差率过大，作废
正在处理第11个分类器
W sum 1.0
sg, [ 1. -1. -1. ...,  1.  1. -1.]
self.y_test, [-1. -1. -1. ..., -1. -1. -1.]
e value: 0.473871956823
alpha  0.0523037296442
sum: [ 1.56265516 -1.82324591 -0.80291923 ..., -0.3037041  -1.5617044
 -1.82324591]
错误数: 1191
             precision    recall  f1-score   support

       -1.0       0.99      0.85      0.92      5406
        1.0       0.21      0.78      0.33       273

avg / total       0.95      0.85      0.89      5679

正在处理第12个分类器
W sum 1.0
sg, [ 1. -1.  1. ..., -1.  1. -1.]
self.y_test, [-1. -1. -1. ..., -1. -1. -1.]
误差率过大，作废
正在处理第13个分类器
W sum 1.0
sg, [ 1. -1. -1. ...,  1.  1. -1.]
self.y_test, [-1. -1. -1. ..., -1. -1. -1.]
误差率过大，作废
正在处理第14个分类器
W sum 1.0
sg, [-1. -1. -1. ..., -1. -1. -1.]
self.y_test, [-1. -1. -1. ..., -1. -1. -1.]
e value: 0.458608854497
alpha  0.082972172163
sum: [ 1.47968299 -1.90621808 -0.88589141 ..., -0.38667628 -1.64467657
 -1.90621808]
错误数: 1188
             precision    recall  f1-score   support

       -1.0       0.99      0.85      0.92      5406
        1.0       0.21      0.78      0.34       273

avg / total       0.95      0.85      0.89      5679

正在处理第15个分类器
W sum 1.0
sg, [ 1. -1. -1. ..., -1. -1. -1.]
self.y_test, [-1. -1. -1. ..., -1. -1. -1.]
误差率过大，作废
正在处理第16个分类器
W sum 1.0
sg, [-1. -1. -1. ..., -1.  1. -1.]
self.y_test, [-1. -1. -1. ..., -1. -1. -1.]
误差率过大，作废
正在处理第17个分类器
W sum 1.0
sg, [ 1. -1. -1. ..., -1. -1. -1.]
self.y_test, [-1. -1. -1. ..., -1. -1. -1.]
e value: 0.438142263313
alpha  0.124352510279
sum: [ 1.6040355  -2.03057059 -1.01024392 ..., -0.51102879 -1.76902908
 -2.03057059]
错误数: 1148
             precision    recall  f1-score   support

       -1.0       0.99      0.86      0.92      5406
        1.0       0.22      0.77      0.34       273

avg / total       0.95      0.86      0.89      5679

正在处理第18个分类器
W sum 1.0
sg, [-1. -1. -1. ..., -1. -1. -1.]
self.y_test, [-1. -1. -1. ..., -1. -1. -1.]
误差率过大，作废
正在处理第19个分类器
W sum 1.0
sg, [ 1. -1. -1. ..., -1. -1. -1.]
self.y_test, [-1. -1. -1. ..., -1. -1. -1.]
误差率过大，作废
正在处理第20个分类器
W sum 1.0
sg, [ 1. -1. -1. ..., -1. -1. -1.]
self.y_test, [-1. -1. -1. ..., -1. -1. -1.]
误差率过大，作废
正在处理第21个分类器
W sum 1.0
sg, [ 1. -1. -1. ..., -1. -1. -1.]
self.y_test, [-1. -1. -1. ..., -1. -1. -1.]
误差率过大，作废
正在处理第22个分类器
W sum 1.0
sg, [ 1. -1. -1. ..., -1. -1. -1.]
self.y_test, [-1. -1. -1. ..., -1. -1. -1.]
误差率过大，作废
正在处理第23个分类器
W sum 1.0
sg, [ 1. -1. -1. ..., -1.  1. -1.]
self.y_test, [-1. -1. -1. ..., -1. -1. -1.]
误差率过大，作废
正在处理第24个分类器
W sum 1.0
sg, [ 1. -1. -1. ..., -1.  1. -1.]
self.y_test, [-1. -1. -1. ..., -1. -1. -1.]
误差率过大，作废
正在处理第25个分类器
W sum 1.0
sg, [ 1. -1. -1. ..., -1.  1. -1.]
self.y_test, [-1. -1. -1. ..., -1. -1. -1.]
误差率过大，作废
正在处理第26个分类器
W sum 1.0
sg, [ 1. -1. -1. ...,  1. -1. -1.]
self.y_test, [-1. -1. -1. ..., -1. -1. -1.]
误差率过大，作废
正在处理第27个分类器
W sum 1.0
sg, [-1. -1. -1. ..., -1. -1. -1.]
self.y_test, [-1. -1. -1. ..., -1. -1. -1.]
e value: 0.486249347684
alpha  0.0275082410591
sum: [ 1.57652726 -2.05807883 -1.03775216 ..., -0.53853703 -1.79653732
 -2.05807883]
错误数: 1148
             precision    recall  f1-score   support

       -1.0       0.99      0.86      0.92      5406
        1.0       0.22      0.77      0.34       273

avg / total       0.95      0.86      0.89      5679

正在处理第28个分类器
W sum 1.0
sg, [ 1. -1. -1. ...,  1.  1. -1.]
self.y_test, [-1. -1. -1. ..., -1. -1. -1.]
误差率过大，作废
正在处理第29个分类器
W sum 1.0
sg, [-1. -1. -1. ..., -1.  1. -1.]
self.y_test, [-1. -1. -1. ..., -1. -1. -1.]
误差率过大，作废
正在处理第30个分类器
W sum 1.0
sg, [ 1. -1. -1. ..., -1. -1. -1.]
self.y_test, [-1. -1. -1. ..., -1. -1. -1.]
误差率过大，作废
正在处理第31个分类器
W sum 1.0
sg, [ 1. -1. -1. ..., -1. -1. -1.]
self.y_test, [-1. -1. -1. ..., -1. -1. -1.]
误差率过大，作废
正在处理第32个分类器
W sum 1.0
sg, [-1. -1. -1. ...,  1. -1. -1.]
self.y_test, [-1. -1. -1. ..., -1. -1. -1.]
误差率过大，作废
正在处理第33个分类器
W sum 1.0
sg, [ 1. -1. -1. ..., -1.  1. -1.]
self.y_test, [-1. -1. -1. ..., -1. -1. -1.]
误差率过大，作废
正在处理第34个分类器
W sum 1.0
sg, [ 1. -1. -1. ..., -1.  1. -1.]
self.y_test, [-1. -1. -1. ..., -1. -1. -1.]
误差率过大，作废
正在处理第35个分类器
W sum 1.0
sg, [ 1. -1. -1. ..., -1. -1. -1.]
self.y_test, [-1. -1. -1. ..., -1. -1. -1.]
e value: 0.404524895682
alpha  0.193323150081
sum: [ 1.76985041 -2.25140198 -1.23107531 ..., -0.73186018 -1.98986047
 -2.25140198]
错误数: 1107
             precision    recall  f1-score   support

       -1.0       0.99      0.87      0.92      5406
        1.0       0.23      0.76      0.35       273

avg / total       0.95      0.86      0.90      5679

正在处理第36个分类器
W sum 1.0
sg, [ 1. -1.  1. ..., -1.  1. -1.]
self.y_test, [-1. -1. -1. ..., -1. -1. -1.]
误差率过大，作废
正在处理第37个分类器
W sum 1.0
sg, [-1. -1. -1. ..., -1. -1. -1.]
self.y_test, [-1. -1. -1. ..., -1. -1. -1.]
误差率过大，作废
正在处理第38个分类器
W sum 1.0
sg, [-1. -1. -1. ...,  1.  1. -1.]
self.y_test, [-1. -1. -1. ..., -1. -1. -1.]
误差率过大，作废
正在处理第39个分类器
W sum 1.0
sg, [ 1. -1. -1. ..., -1. -1. -1.]
self.y_test, [-1. -1. -1. ..., -1. -1. -1.]
误差率过大，作废
正在处理第40个分类器
W sum 1.0
sg, [ 1. -1. -1. ...,  1.  1. -1.]
self.y_test, [-1. -1. -1. ..., -1. -1. -1.]
误差率过大，作废
正在处理第41个分类器
W sum 1.0
sg, [ 1. -1. -1. ..., -1. -1. -1.]
self.y_test, [-1. -1. -1. ..., -1. -1. -1.]
误差率过大，作废
正在处理第42个分类器
W sum 1.0
sg, [ 1. -1. -1. ..., -1. -1. -1.]
self.y_test, [-1. -1. -1. ..., -1. -1. -1.]
误差率过大，作废
正在处理第43个分类器
W sum 1.0
sg, [ 1. -1. -1. ..., -1. -1. -1.]
self.y_test, [-1. -1. -1. ..., -1. -1. -1.]
误差率过大，作废
正在处理第44个分类器
W sum 1.0
sg, [ 1. -1. -1. ..., -1. -1. -1.]
self.y_test, [-1. -1. -1. ..., -1. -1. -1.]
误差率过大，作废
正在处理第45个分类器
W sum 1.0
sg, [ 1. -1. -1. ...,  1.  1. -1.]
self.y_test, [-1. -1. -1. ..., -1. -1. -1.]
误差率过大，作废
正在处理第46个分类器
W sum 1.0
sg, [ 1. -1. -1. ..., -1.  1. -1.]
self.y_test, [-1. -1. -1. ..., -1. -1. -1.]
误差率过大，作废
正在处理第47个分类器
W sum 1.0
sg, [ 1. -1. -1. ..., -1. -1. -1.]
self.y_test, [-1. -1. -1. ..., -1. -1. -1.]
误差率过大，作废
正在处理第48个分类器
W sum 1.0
sg, [ 1. -1. -1. ..., -1. -1. -1.]
self.y_test, [-1. -1. -1. ..., -1. -1. -1.]
误差率过大，作废
正在处理第49个分类器
W sum 1.0
sg, [ 1. -1. -1. ..., -1.  1. -1.]
self.y_test, [-1. -1. -1. ..., -1. -1. -1.]
误差率过大，作废
i: 0
i: 1
i: 2
i: 3
i: 4
i: 11
i: 14
i: 17
i: 27
i: 35
             precision    recall  f1-score   support

       -1.0       0.99      0.87      0.92      5406
        1.0       0.23      0.76      0.35       273

avg / total       0.95      0.86      0.90      5679

