[XPWHDR+NimbusSanL-Bold]|||17.0|||85.297|||199.87|||Author|||258.09844970703125|||17.0,17.0,17.0,17.0,17.0,17.0,|||199.87,212.27963,223.2367,229.20839,240.16545,251.12251,  [XPWHDR+NimbusSanL-Bold]|||17.0|||85.297|||263.08383|||Retrospective|||381.31610107421875|||17.0,17.0,17.0,17.0,17.0,17.0,17.0,17.0,17.0,17.0,17.0,17.0,17.0,|||263.08383,276.03146,286.0022,291.97388,298.59116,309.54822,319.51898,330.47604,340.44678,350.41754,356.38922,361.3746,371.34534,  [XPWHDR+NimbusSanL-Bold]|||17.0|||85.297|||386.30148|||for|||409.8475036621094|||17.0,17.0,17.0,|||386.30148,391.9145,402.87155, 
[XPWHDR+NimbusSanL-Bold]|||17.0|||105.221985|||62.39099|||Increasing|||152.09185791015625|||17.0,17.0,17.0,17.0,17.0,17.0,17.0,17.0,17.0,17.0,|||62.39099,67.376366,78.33343,88.30418,95.28011,105.25086,115.22161,125.19236,130.17773,141.1348,  [XPWHDR+NimbusSanL-Bold]|||17.0|||105.221985|||157.07722|||the|||183.9767303466797|||17.0,17.0,17.0,|||157.07722,163.04892,174.00598,  [XPWHDR+NimbusSanL-Bold]|||17.0|||105.221985|||188.9621|||Instruction|||281.6219177246094|||17.0,17.0,17.0,17.0,17.0,17.0,17.0,17.0,17.0,17.0,17.0,|||188.9621,193.94748,204.90454,214.87529,220.84698,227.82292,238.77998,248.75073,254.72243,259.7078,270.66486,  [XPWHDR+NimbusSanL-Bold]|||17.0|||105.221985|||286.6073|||Fetch|||334.2552795410156|||17.0,17.0,17.0,17.0,17.0,|||286.6073,297.56436,307.5351,313.50677,323.29822,  [XPWHDR+NimbusSanL-Bold]|||17.0|||105.221985|||339.24066|||Rate|||378.10150146484375|||17.0,17.0,17.0,17.0,|||339.24066,352.1883,362.15906,368.13074,  [XPWHDR+NimbusSanL-Bold]|||17.0|||105.221985|||383.08688|||via|||408.01373291015625|||17.0,17.0,17.0,|||383.08688,393.05762,398.043,  [XPWHDR+NimbusSanL-Bold]|||17.0|||105.221985|||412.9991|||Multiple|||480.75|||17.0,17.0,17.0,17.0,17.0,17.0,17.0,17.0,|||412.9991,427.93732,438.89438,443.87976,449.85144,454.83682,465.79388,470.77927,  [XPWHDR+NimbusSanL-Bold]|||17.0|||105.221985|||485.73538|||Branch|||547.3353271484375|||17.0,17.0,17.0,17.0,17.0,17.0,|||485.73538,498.683,505.65897,515.6297,526.5868,536.37823, 
[XPWHDR+NimbusSanL-Bold]|||17.0|||125.14697|||134.22|||Prediction|||221.91238403320312|||17.0,17.0,17.0,17.0,17.0,17.0,17.0,17.0,17.0,17.0,|||134.22,146.18132,153.15726,163.128,174.08507,179.07043,189.04118,195.01288,199.99826,210.95532,  [XPWHDR+NimbusSanL-Bold]|||17.0|||125.14697|||226.89775|||and|||258.7826232910156|||17.0,17.0,17.0,|||226.89775,236.8685,247.82556,  [XPWHDR+NimbusSanL-Bold]|||17.0|||125.14697|||263.768|||a|||273.73876953125|||17.0,|||263.768,  [XPWHDR+NimbusSanL-Bold]|||17.0|||125.14697|||278.72415|||Branch|||340.3240051269531|||17.0,17.0,17.0,17.0,17.0,17.0,|||278.72415,291.67178,298.64774,308.61847,319.57553,329.36694,  [XPWHDR+NimbusSanL-Bold]|||17.0|||125.14697|||345.3094|||Address|||416.88006591796875|||17.0,17.0,17.0,17.0,17.0,17.0,17.0,|||345.3094,358.25702,369.03476,379.99182,386.96777,396.93854,406.9093,  [XPWHDR+NimbusSanL-Bold]|||17.0|||125.14697|||421.86545|||Cache|||475.5030517578125|||17.0,17.0,17.0,17.0,17.0,|||421.86545,434.81308,444.7838,454.57526,465.53232, 
[XINMRU+NimbusSanL-Regu]|||11.0|||166.40997|||122.163|||Tse-Yu|||159.37893676757812|||11.0,11.0,11.0,11.0,11.0,11.0,|||122.163,129.46751,135.445,142.092,146.07301,152.73195,  [XINMRU+NimbusSanL-Regu]|||11.0|||166.40997|||162.70242|||Yeh|||182.2966766357422|||11.0,11.0,11.0,|||162.70242,169.0027,175.64969, 
[XINMRU+NimbusSanL-Regu]|||9.0|||176.87097|||130.078|||Apple|||155.55340576171875|||9.0,9.0,9.0,9.0,9.0,|||130.078,136.72333,142.26276,147.80219,150.01398,  [XINMRU+NimbusSanL-Regu]|||9.0|||176.87097|||158.32312|||Inc.|||174.38348388671875|||9.0,9.0,9.0,9.0,|||158.32312,161.09283,166.63226,171.61377, 
[XINMRU+NimbusSanL-Regu]|||9.0|||187.33197|||120.94701|||Cupertino,|||166.9063262939453|||9.0,9.0,9.0,9.0,9.0,9.0,9.0,9.0,9.0,9.0,|||120.94701,128.14029,133.67972,139.21915,144.75858,148.47476,151.24448,153.45627,158.9957,164.13661,  [XINMRU+NimbusSanL-Regu]|||9.0|||187.33197|||169.67604|||CA|||183.5146484375|||9.0,9.0,|||169.67604,176.86932, 
[XINMRU+NimbusSanL-Regu]|||11.0|||199.21796|||104.511|||tyyeh@apple.com|||199.9477996826172|||11.0,11.0,11.0,11.0,11.0,11.0,11.0,11.0,11.0,11.0,11.0,11.0,11.0,11.0,11.0,|||104.511,107.834496,113.812,119.5504,126.19738,132.84436,144.97868,151.62567,158.27266,164.91965,167.57365,174.04132,177.3648,183.3423,189.98929, 
[XINMRU+NimbusSanL-Regu]|||11.0|||166.40997|||261.789|||Deborah|||307.516845703125|||11.0,11.0,11.0,11.0,11.0,11.0,11.0,|||261.789,270.4205,277.06747,283.71445,290.36142,294.2229,300.86987,  [XINMRU+NimbusSanL-Regu]|||11.0|||166.40997|||310.84033|||T.|||320.0337219238281|||11.0,11.0,|||310.84033,316.71024,  [XINMRU+NimbusSanL-Regu]|||11.0|||166.40997|||323.3572|||Marr|||347.92474365234375|||11.0,11.0,11.0,11.0,|||323.3572,333.31573,339.9627,343.94373, 
[XINMRU+NimbusSanL-Regu]|||9.0|||176.87097|||267.936|||Intel|||286.7660827636719|||9.0,9.0,9.0,9.0,9.0,|||267.936,270.70572,276.24515,279.01486,284.5543,  [XINMRU+NimbusSanL-Regu]|||9.0|||176.87097|||289.5358|||Corporation|||341.78179931640625|||9.0,9.0,9.0,9.0,9.0,9.0,9.0,9.0,9.0,9.0,9.0,|||289.5358,296.7291,302.26852,305.8851,311.42453,316.96396,320.182,325.72144,328.49115,330.70294,336.24237, 
[XINMRU+NimbusSanL-Regu]|||9.0|||187.33197|||275.44202|||Hillsboro,|||316.5593566894531|||9.0,9.0,9.0,9.0,9.0,9.0,9.0,9.0,9.0,9.0,|||275.44202,282.6353,284.8471,287.0589,289.2707,294.2522,299.79163,305.33105,308.64874,313.78964,  [XINMRU+NimbusSanL-Regu]|||9.0|||187.33197|||319.32907|||OR|||334.2735900878906|||9.0,9.0,|||319.32907,327.0803, 
[XINMRU+NimbusSanL-Regu]|||11.0|||197.79297|||243.13303|||debbie.marr@intel.com|||366.5804138183594|||11.0,11.0,11.0,11.0,11.0,11.0,11.0,11.0,11.0,11.0,11.0,11.0,11.0,11.0,11.0,11.0,11.0,11.0,11.0,11.0,11.0,|||243.13303,249.78001,256.427,262.95444,269.6014,272.25543,278.72308,282.04657,292.0051,298.65207,302.6331,306.6141,318.74844,321.40247,328.04944,331.37292,338.0199,340.67392,343.9974,349.9749,356.6219, 
[XINMRU+NimbusSanL-Regu]|||11.0|||166.41095|||426.66403|||Yale|||448.91229248046875|||11.0,11.0,11.0,11.0,|||426.66403,432.96432,439.6113,442.26532,  [XINMRU+NimbusSanL-Regu]|||11.0|||166.41095|||452.23578|||N.|||464.1907653808594|||11.0,11.0,|||452.23578,460.86728,  [XINMRU+NimbusSanL-Regu]|||11.0|||166.41095|||467.51425|||Patt|||488.3039855957031|||11.0,11.0,11.0,11.0,|||467.51425,475.01004,481.657,484.9805, 
[XINMRU+NimbusSanL-Regu]|||9.0|||176.87195|||386.55005|||The|||403.71630859375|||9.0,9.0,9.0,|||386.55005,392.63745,398.17688,  [XINMRU+NimbusSanL-Regu]|||9.0|||176.87195|||406.0377|||University|||449.5162658691406|||9.0,9.0,9.0,9.0,9.0,9.0,9.0,9.0,9.0,9.0,|||406.0377,413.231,418.77042,420.9822,425.71463,431.25406,434.57175,439.55325,441.76505,444.53476,  [XINMRU+NimbusSanL-Regu]|||9.0|||176.87195|||451.82767|||of|||460.1368103027344|||9.0,9.0,|||451.82767,457.3671,  [XINMRU+NimbusSanL-Regu]|||9.0|||176.87195|||462.4582|||Texas|||488.093017578125|||9.0,9.0,9.0,9.0,9.0,|||462.4582,467.35004,472.59058,477.57208,483.1115,  [XINMRU+NimbusSanL-Regu]|||9.0|||176.87195|||490.40442|||at|||498.71356201171875|||9.0,9.0,|||490.40442,495.94385,  [XINMRU+NimbusSanL-Regu]|||9.0|||176.87195|||501.03494|||Austin|||528.4232177734375|||9.0,9.0,9.0,9.0,9.0,9.0,|||501.03494,507.38138,512.9208,517.9023,520.672,522.8838, 
[XINMRU+NimbusSanL-Regu]|||9.0|||187.33295|||434.65506|||Austin,|||464.8130798339844|||9.0,9.0,9.0,9.0,9.0,9.0,9.0,|||434.65506,441.0015,446.54092,451.52243,454.29214,456.50394,462.04337,  [XINMRU+NimbusSanL-Regu]|||9.0|||187.33295|||467.5828|||TX|||480.3155212402344|||9.0,9.0,|||467.5828,473.6702, 
[XINMRU+NimbusSanL-Regu]|||11.0|||197.79395|||401.26508|||patt@ece.utexas.edu|||513.7018432617188|||11.0,11.0,11.0,11.0,11.0,11.0,11.0,11.0,11.0,11.0,11.0,11.0,11.0,11.0,11.0,11.0,11.0,11.0,11.0,|||401.26508,407.91205,414.55902,417.8825,421.206,433.34033,439.9873,445.9648,452.43246,455.75595,462.40292,465.7264,472.01474,477.99225,484.63922,490.4374,493.7609,500.40787,507.05484, 
[DBHJRI+CMR9]|||8.0|||226.13293|||53.798065|||Original|||86.54190063476562|||8.0,8.0,8.0,8.0,8.0,8.0,8.0,8.0,|||53.798065,60.9619,64.56623,67.121544,71.7211,74.27641,79.38703,83.98659,  [DBHJRI+CMR9]|||8.0|||226.13293|||89.60828|||paper:|||114.93722534179688|||8.0,8.0,8.0,8.0,8.0,8.0,|||89.60828,94.718895,99.31845,104.680115,108.77758,112.38191,  [DBHJRI+CMR9]|||8.0|||226.13293|||119.02572|||http://dx.doi.org/10.1145/165939.165956|||285.1564636230469|||8.0,8.0,8.0,8.0,8.0,8.0,8.0,8.0,8.0,8.0,8.0,8.0,8.0,8.0,8.0,8.0,8.0,8.0,8.0,8.0,8.0,8.0,8.0,8.0,8.0,8.0,8.0,8.0,8.0,8.0,8.0,8.0,8.0,8.0,8.0,8.0,8.0,8.0,8.0,|||119.02572,123.885284,127.46272,131.04015,136.15076,138.70607,143.30562,147.90517,153.01578,157.87535,160.43066,165.54128,170.14082,172.69614,175.25145,179.851,183.45532,188.05487,192.65442,197.25397,201.85352,204.40883,209.00838,213.60793,218.20747,222.80702,227.40657,232.00612,236.60567,241.20522,245.7958,250.39536,254.9949,257.5502,262.14975,266.7493,271.34885,275.9484,280.54794, 
[QBNMJJ+NimbusRomNo9L-Medi]|||11.0|||249.93591|||53.798065|||Categories|||108.24114990234375|||11.0,11.0,11.0,11.0,11.0,11.0,11.0,11.0,11.0,11.0,|||53.798065,62.429577,68.407074,72.38809,77.69611,83.673615,89.651115,94.95914,98.28263,103.59065,  [QBNMJJ+NimbusRomNo9L-Medi]|||11.0|||249.93591|||111.2299|||and|||130.50135803222656|||11.0,11.0,11.0,|||111.2299,117.2074,123.85438,  [QBNMJJ+NimbusRomNo9L-Medi]|||11.0|||249.93591|||133.49011|||Subject|||172.00914001464844|||11.0,11.0,11.0,11.0,11.0,11.0,11.0,|||133.49011,140.1371,146.78409,153.43108,157.4121,162.72011,168.02812,  [QBNMJJ+NimbusRomNo9L-Medi]|||11.0|||249.93591|||174.9979|||Descriptors|||234.09144592285156|||11.0,11.0,11.0,11.0,11.0,11.0,11.0,11.0,11.0,11.0,11.0,|||174.9979,183.62941,188.93742,193.58792,198.89594,204.20395,207.52744,214.17442,218.15544,224.13293,229.44095, 
[DBHJRI+CMR9]|||8.0|||264.3819|||53.798065|||C.1.1|||74.76953887939453|||8.0,8.0,8.0,8.0,8.0,|||53.798065,60.450836,63.006145,67.605705,70.16102,  [DBHJRI+CMR9]|||8.0|||264.3819|||77.1814|||[Computer|||126.67372131347656|||8.0,8.0,8.0,8.0,8.0,8.0,8.0,8.0,8.0,|||77.1814,79.73671,87.39368,92.69258,101.53306,107.42372,113.314384,117.43874,122.29832,  [IAGABJ+CMBX9]|||8.0|||264.3819|||129.46214|||Systems|||167.13723754882812|||8.0,8.0,8.0,8.0,8.0,8.0,8.0,|||129.46214,135.3528,140.94757,145.12572,149.25008,154.10965,162.95012,  [IAGABJ+CMBX9]|||8.0|||264.3819|||169.9167|||Organization]:|||234.76776123046875|||8.0,8.0,8.0,8.0,8.0,8.0,8.0,8.0,8.0,8.0,8.0,8.0,8.0,8.0,|||169.9167,177.87851,182.25392,187.55283,192.70828,198.59894,201.53978,206.24692,211.40237,215.52673,218.46758,223.76648,229.65714,232.21245,  [DBHJRI+CMR9]|||8.0|||264.3819|||238.53348|||Processor|||276.9079284667969|||8.0,8.0,8.0,8.0,8.0,8.0,8.0,8.0,8.0,|||238.53348,244.8007,248.40503,253.25563,257.34412,261.4416,265.0728,268.70404,273.3036,  [DBHJRI+CMR9]|||8.0|||264.3819|||279.3198|||Ar-|||292.9032897949219|||8.0,8.0,8.0,|||279.3198,286.2236,289.82794, 
[DBHJRI+CMR9]|||8.0|||274.8429|||53.798065|||chitectures—Single|||130.2701416015625|||8.0,8.0,8.0,8.0,8.0,8.0,8.0,8.0,8.0,8.0,8.0,8.0,8.0,8.0,8.0,8.0,8.0,8.0,|||53.798065,57.635513,62.746136,65.301445,68.87888,72.97635,77.06485,80.64229,85.75291,89.35724,93.454704,97.08594,106.29507,111.468445,114.28377,119.45715,123.6891,126.03819,  [JOSUDS+CMTI9]|||8.0|||274.8429|||133.56067|||data|||150.72158813476562|||8.0,8.0,8.0,8.0,|||133.56067,138.25885,142.95703,146.01443,  [JOSUDS+CMTI9]|||8.0|||274.8429|||154.00314|||stream|||180.21969604492188|||8.0,8.0,8.0,8.0,8.0,8.0,|||154.00314,157.75989,160.81729,164.22437,167.99008,172.68826,  [JOSUDS+CMTI9]|||8.0|||274.8429|||183.50125|||architectures|||233.8004608154297|||8.0,8.0,8.0,8.0,8.0,8.0,8.0,8.0,8.0,8.0,8.0,8.0,8.0,|||183.50125,188.19943,191.6065,195.83846,200.53664,203.35196,206.40936,210.17508,214.40703,217.46443,222.39572,225.8028,230.03474, 
[QBNMJJ+NimbusRomNo9L-Medi]|||11.0|||298.6459|||53.798065|||Keywords|||105.18065643310547|||11.0,11.0,11.0,11.0,11.0,11.0,11.0,11.0,|||53.798065,62.800182,68.1082,74.0857,82.59766,88.57516,93.88318,100.53016, 
[DBHJRI+CMR9]|||8.0|||313.09192|||53.798065|||Branch|||82.587890625|||8.0,8.0,8.0,8.0,8.0,8.0,|||53.798065,60.31635,63.92068,68.52024,73.63086,77.46831,  [DBHJRI+CMR9]|||8.0|||313.09192|||85.645294|||prediction|||126.06403350830078|||8.0,8.0,8.0,8.0,8.0,8.0,8.0,8.0,8.0,8.0,|||85.645294,90.75591,94.360245,98.45771,103.56833,106.12364,110.21214,113.78958,116.344894,120.94445, 
[DBHJRI+CMR9]|||8.0|||334.01392|||61.644066|||“Increasing|||106.96720123291016|||8.0,8.0,8.0,8.0,8.0,8.0,8.0,8.0,8.0,8.0,8.0,|||61.644066,66.24362,69.56104,74.67166,78.76016,82.364494,86.46196,91.061516,94.69275,97.24806,102.35868,  [DBHJRI+CMR9]|||8.0|||334.01392|||109.00248|||the|||121.78800201416016|||8.0,8.0,8.0,|||109.00248,112.57992,117.69054,  [DBHJRI+CMR9]|||8.0|||334.01392|||123.83225|||Instruction|||168.12423706054688|||8.0,8.0,8.0,8.0,8.0,8.0,8.0,8.0,8.0,8.0,8.0,|||123.83225,127.14967,132.26028,135.89151,139.46893,143.07327,148.18388,152.27237,155.8498,158.4051,163.00465,  [DBHJRI+CMR9]|||8.0|||334.01392|||170.15952|||Fetch|||192.0365447998047|||8.0,8.0,8.0,8.0,8.0,|||170.15952,175.40463,179.50209,183.07951,186.91696,  [DBHJRI+CMR9]|||8.0|||334.01392|||194.07182|||Rate|||213.12454223632812|||8.0,8.0,8.0,8.0,|||194.07182,200.85011,205.44966,209.02708,  [DBHJRI+CMR9]|||8.0|||334.01392|||215.1688|||via|||227.19219970703125|||8.0,8.0,8.0,|||215.1688,220.02837,222.58368,  [DBHJRI+CMR9]|||8.0|||334.01392|||229.22748|||Multiple|||263.2265319824219|||8.0,8.0,8.0,8.0,8.0,8.0,8.0,8.0,|||229.22748,237.66447,242.77509,245.3304,248.90782,251.46313,256.57376,259.12906,  [DBHJRI+CMR9]|||8.0|||334.01392|||265.27078|||Branch|||294.0516662597656|||8.0,8.0,8.0,8.0,8.0,8.0,|||265.27078,271.78906,275.38443,279.98398,285.0946,288.93207, 
[DBHJRI+CMR9]|||8.0|||344.4749|||53.798065|||Prediction|||95.37342071533203|||8.0,8.0,8.0,8.0,8.0,8.0,8.0,8.0,8.0,8.0,|||53.798065,60.0653,63.669632,67.7671,72.877716,75.43303,79.52153,83.09897,85.65428,90.25384,  [DBHJRI+CMR9]|||8.0|||344.4749|||97.95563|||and|||112.78538513183594|||8.0,8.0,8.0,|||97.95563,102.55518,107.6658,  [DBHJRI+CMR9]|||8.0|||344.4749|||115.37656|||a|||119.98507690429688|||8.0,|||115.37656,  [DBHJRI+CMR9]|||8.0|||344.4749|||122.56728|||Branch|||151.35707092285156|||8.0,8.0,8.0,8.0,8.0,8.0,|||122.56728,129.08556,132.68988,137.28943,142.40004,146.23749,  [DBHJRI+CMR9]|||8.0|||344.4749|||153.93929|||Address|||186.02854919433594|||8.0,8.0,8.0,8.0,8.0,8.0,8.0,|||153.93929,160.8431,165.9537,171.06432,174.66864,178.7661,182.39732,  [DBHJRI+CMR9]|||8.0|||344.4749|||188.61972|||Cache”was|||233.62899780273438|||8.0,8.0,8.0,8.0,8.0,8.0,8.0,8.0,8.0,|||188.61972,195.27249,199.87204,203.70949,208.8201,212.91756,218.9965,225.39822,229.99777,  [DBHJRI+CMR9]|||8.0|||344.4749|||236.22017|||the|||249.0056610107422|||8.0,8.0,8.0,|||236.22017,239.79759,244.9082,  [DBHJRI+CMR9]|||8.0|||344.4749|||251.59683|||first|||267.5294189453125|||8.0,8.0,8.0,8.0,|||251.59683,256.70746,260.3118,263.94302,  [DBHJRI+CMR9]|||8.0|||344.4749|||270.1206|||paper|||292.894287109375|||8.0,8.0,8.0,8.0,8.0,|||270.1206,275.23123,279.83078,285.19247,289.28995, 
[DBHJRI+CMR9]|||8.0|||354.9359|||53.798065|||to|||61.98402404785156|||8.0,8.0,|||53.798065,57.3755,  [DBHJRI+CMR9]|||8.0|||354.9359|||65.53456|||propose|||96.53002166748047|||8.0,8.0,8.0,8.0,8.0,8.0,8.0,|||65.53456,70.636215,74.24055,78.8401,84.20177,88.80132,92.432556,  [DBHJRI+CMR9]|||8.0|||354.9359|||100.08952|||a|||104.69804382324219|||8.0,|||100.08952,  [DBHJRI+CMR9]|||8.0|||354.9359|||108.23962|||highly|||133.03060913085938|||8.0,8.0,8.0,8.0,8.0,8.0,|||108.23962,113.350235,115.90555,120.505104,125.61572,128.17104,  [DBHJRI+CMR9]|||8.0|||354.9359|||136.59012|||accurate|||170.3560028076172|||8.0,8.0,8.0,8.0,8.0,8.0,8.0,8.0,|||136.59012,141.18967,145.27815,149.36664,154.47725,158.08157,162.68112,166.25854,  [DBHJRI+CMR9]|||8.0|||354.9359|||173.90654|||hardware|||211.0347137451172|||8.0,8.0,8.0,8.0,8.0,8.0,8.0,8.0,|||173.90654,179.01715,183.6167,187.22104,192.33165,198.73337,203.33292,206.93726,  [DBHJRI+CMR9]|||8.0|||354.9359|||214.59422|||mechanism|||258.88623046875|||8.0,8.0,8.0,8.0,8.0,8.0,8.0,8.0,8.0,|||214.59422,222.26912,226.36658,230.20403,235.31464,239.91418,245.0248,247.58011,251.21133,  [DBHJRI+CMR9]|||8.0|||354.9359|||262.43677|||for|||273.45599365234375|||8.0,8.0,8.0,|||262.43677,265.2521,269.85165,  [DBHJRI+CMR9]|||8.0|||354.9359|||277.0155|||pre-|||292.9032897949219|||8.0,8.0,8.0,8.0,|||277.0155,282.12613,285.73047,289.82794, 
[DBHJRI+CMR9]|||8.0|||365.3969|||53.798065|||dicting|||81.40438842773438|||8.0,8.0,8.0,8.0,8.0,8.0,8.0,|||53.798065,58.908688,61.463997,65.5525,69.12994,71.68525,76.79587,  [DBHJRI+CMR9]|||8.0|||365.3969|||85.81566|||and|||100.64541625976562|||8.0,8.0,8.0,|||85.81566,90.415215,95.52583,  [DBHJRI+CMR9]|||8.0|||365.3969|||105.06565|||fetching|||136.7783966064453|||8.0,8.0,8.0,8.0,8.0,8.0,8.0,8.0,|||105.06565,107.880974,111.97844,115.55588,119.393326,124.503944,127.05926,132.16988,  [DBHJRI+CMR9]|||8.0|||365.3969|||141.18967|||multiple|||174.17555236816406|||8.0,8.0,8.0,8.0,8.0,8.0,8.0,8.0,|||141.18967,148.61351,153.72412,156.27943,159.85686,162.41217,167.52278,170.0781,  [DBHJRI+CMR9]|||8.0|||365.3969|||178.5958|||non-contiguous|||239.21481323242188|||8.0,8.0,8.0,8.0,8.0,8.0,8.0,8.0,8.0,8.0,8.0,8.0,8.0,8.0,|||178.5958,183.7064,188.30595,193.41656,196.48293,200.57141,205.17096,210.03053,213.60796,216.16327,220.76282,225.87343,230.47298,235.58359,  [DBHJRI+CMR9]|||8.0|||365.3969|||243.63506|||basic|||263.62921142578125|||8.0,8.0,8.0,8.0,8.0,|||243.63506,248.74567,253.34521,256.97644,259.53174,  [DBHJRI+CMR9]|||8.0|||365.3969|||268.04944|||blocks|||292.89422607421875|||8.0,8.0,8.0,8.0,8.0,8.0,|||268.04944,273.16006,275.71536,280.56598,284.40344,289.263, 
[DBHJRI+CMR9]|||8.0|||375.8579|||53.798065|||using|||74.81436920166016|||8.0,8.0,8.0,8.0,8.0,|||53.798065,58.908688,62.539917,65.09523,70.20585,  [DBHJRI+CMR9]|||8.0|||375.8579|||77.72832|||leading-edge|||127.32823944091797|||8.0,8.0,8.0,8.0,8.0,8.0,8.0,8.0,8.0,8.0,8.0,8.0,|||77.72832,80.28363,84.381096,88.98065,94.09127,96.64658,101.7572,106.35676,109.423134,113.5206,118.63122,123.230774,  [DBHJRI+CMR9]|||8.0|||375.8579|||130.25116|||aggressive|||170.26637268066406|||8.0,8.0,8.0,8.0,8.0,8.0,8.0,8.0,8.0,8.0,|||130.25116,134.85071,139.45026,144.0498,147.65414,151.7516,155.38283,159.00508,161.5604,166.16891,  [DBHJRI+CMR9]|||8.0|||375.8579|||173.18929|||branch|||200.57142639160156|||8.0,8.0,8.0,8.0,8.0,8.0,|||173.18929,178.2999,181.90424,186.50378,191.6144,195.45184,  [DBHJRI+CMR9]|||8.0|||375.8579|||203.48538|||predictors|||243.4647216796875|||8.0,8.0,8.0,8.0,8.0,8.0,8.0,8.0,8.0,8.0,|||203.48538,208.596,212.20032,216.29778,221.40839,223.9637,228.05219,231.62961,236.22916,239.8335,  [DBHJRI+CMR9]|||8.0|||375.8579|||246.38763|||of|||253.80250549316406|||8.0,8.0,|||246.38763,250.98718,  [DBHJRI+CMR9]|||8.0|||375.8579|||256.72543|||the|||269.5109558105469|||8.0,8.0,8.0,|||256.72543,260.30286,265.41348,  [DBHJRI+CMR9]|||8.0|||375.8579|||272.43387|||time.|||292.8942565917969|||8.0,8.0,8.0,8.0,8.0,|||272.43387,276.0113,278.5666,286.2415,290.33896, 
[DBHJRI+CMR9]|||8.0|||386.3189|||53.798065|||Prior|||74.4288330078125|||8.0,8.0,8.0,8.0,8.0,|||53.798065,60.0653,63.669632,66.224945,70.8245,  [DBHJRI+CMR9]|||8.0|||386.3189|||76.73309|||to|||84.91905212402344|||8.0,8.0,|||76.73309,80.31053,  [DBHJRI+CMR9]|||8.0|||386.3189|||87.21435|||this|||102.08895111083984|||8.0,8.0,8.0,8.0,|||87.21435,90.79179,95.902405,98.45772,  [DBHJRI+CMR9]|||8.0|||386.3189|||104.402176|||paper,|||129.7311248779297|||8.0,8.0,8.0,8.0,8.0,8.0,|||104.402176,109.512794,114.11235,119.474014,123.57148,127.17581,  [DBHJRI+CMR9]|||8.0|||386.3189|||132.1878|||the|||144.97329711914062|||8.0,8.0,8.0,|||132.1878,135.76523,140.87584,  [DBHJRI+CMR9]|||8.0|||386.3189|||147.27756|||methods|||181.33038330078125|||8.0,8.0,8.0,8.0,8.0,8.0,8.0,|||147.27756,154.95245,159.04991,162.62733,167.73795,172.58855,177.69916,  [DBHJRI+CMR9]|||8.0|||386.3189|||183.63464|||to|||191.82058715820312|||8.0,8.0,|||183.63464,187.21207,  [DBHJRI+CMR9]|||8.0|||386.3189|||194.11589|||increase|||225.90032958984375|||8.0,8.0,8.0,8.0,8.0,8.0,8.0,8.0,|||194.11589,196.6712,201.78181,205.8703,209.47464,213.5721,218.17165,221.80287,  [DBHJRI+CMR9]|||8.0|||386.3189|||228.20459|||fetch|||247.65182495117188|||8.0,8.0,8.0,8.0,8.0,|||228.20459,231.01991,235.11737,238.6948,242.53224,  [DBHJRI+CMR9]|||8.0|||386.3189|||249.95609|||bandwidth|||292.9032287597656|||8.0,8.0,8.0,8.0,8.0,8.0,8.0,8.0,8.0,|||249.95609,255.0667,259.66626,264.7769,269.8875,276.54028,279.09558,284.2062,287.78363, 
[DBHJRI+CMR9]|||8.0|||396.7799|||53.798065|||relied|||75.82752990722656|||8.0,8.0,8.0,8.0,8.0,8.0,|||53.798065,57.402397,61.49986,64.05517,66.61048,70.70795,  [DBHJRI+CMR9]|||8.0|||396.7799|||78.88493|||on|||88.60407257080078|||8.0,8.0,|||78.88493,83.48449,  [DBHJRI+CMR9]|||8.0|||396.7799|||91.65251|||software|||124.72808837890625|||8.0,8.0,8.0,8.0,8.0,8.0,8.0,8.0,|||91.65251,95.283745,99.8833,102.69862,106.02501,112.426735,117.02629,120.63062,  [DBHJRI+CMR9]|||8.0|||396.7799|||127.794464|||and|||142.62420654296875|||8.0,8.0,8.0,|||127.794464,132.39401,137.50462,  [DBHJRI+CMR9]|||8.0|||396.7799|||145.68161|||compiler|||179.96755981445312|||8.0,8.0,8.0,8.0,8.0,8.0,8.0,8.0,|||145.68161,149.7701,154.36964,162.04454,167.15515,169.71046,172.26578,176.36324,  [DBHJRI+CMR9]|||8.0|||396.7799|||183.03394|||mechanisms|||230.94821166992188|||8.0,8.0,8.0,8.0,8.0,8.0,8.0,8.0,8.0,8.0,|||183.03394,190.70883,194.80629,198.64374,203.74539,208.34494,213.45555,216.01086,219.64209,227.31699,  [DBHJRI+CMR9]|||8.0|||396.7799|||234.01459|||to|||242.20053100585938|||8.0,8.0,|||234.01459,237.59201,  [DBHJRI+CMR9]|||8.0|||396.7799|||245.25793|||increase|||277.04241943359375|||8.0,8.0,8.0,8.0,8.0,8.0,8.0,8.0,|||245.25793,247.81325,252.92386,257.01236,260.6167,264.71417,269.31372,272.94495,  [DBHJRI+CMR9]|||8.0|||396.7799|||280.1088|||the|||292.8943176269531|||8.0,8.0,8.0,|||280.1088,283.68622,288.79684, 
[DBHJRI+CMR9]|||8.0|||407.2409|||53.798065|||size|||68.17057037353516|||8.0,8.0,8.0,8.0,|||53.798065,57.429295,59.984604,64.073105,  [DBHJRI+CMR9]|||8.0|||407.2409|||71.58662|||of|||79.00149536132812|||8.0,8.0,|||71.58662,76.18617,  [DBHJRI+CMR9]|||8.0|||407.2409|||82.426506|||the|||95.20306396484375|||8.0,8.0,8.0,|||82.426506,85.99498,91.1056,  [DBHJRI+CMR9]|||8.0|||407.2409|||98.628075|||basic|||118.62226104736328|||8.0,8.0,8.0,8.0,8.0,|||98.628075,103.73869,108.33825,111.96948,114.524796,  [DBHJRI+CMR9]|||8.0|||407.2409|||122.02934|||blocks|||146.87411499023438|||8.0,8.0,8.0,8.0,8.0,8.0,|||122.02934,127.13996,129.69527,134.54587,138.38332,143.24289,  [DBHJRI+CMR9]|||8.0|||407.2409|||150.29016|||themselves.|||195.92706298828125|||8.0,8.0,8.0,8.0,8.0,8.0,8.0,8.0,8.0,8.0,8.0,|||150.29016,153.86758,158.9782,163.07565,170.75055,174.38177,178.47923,181.03455,185.64307,189.74052,193.37175,  [DBHJRI+CMR9]|||8.0|||407.2409|||201.07355|||The|||216.93438720703125|||8.0,8.0,8.0,|||201.07355,207.72632,212.83693,  [DBHJRI+CMR9]|||8.0|||407.2409|||220.35043|||publication|||265.33282470703125|||8.0,8.0,8.0,8.0,8.0,8.0,8.0,8.0,8.0,8.0,8.0,|||220.35043,225.46104,230.57166,235.68227,238.23758,240.7929,244.88138,249.48093,253.05835,255.61366,260.21323,  [DBHJRI+CMR9]|||8.0|||407.2409|||268.7399|||of|||276.15478515625|||8.0,8.0,|||268.7399,273.33945,  [DBHJRI+CMR9]|||8.0|||407.2409|||279.5798|||our|||292.8943176269531|||8.0,8.0,8.0,|||279.5798,284.17935,289.28998, 
[DBHJRI+CMR9]|||8.0|||417.7019|||53.798065|||paper|||76.57170867919922|||8.0,8.0,8.0,8.0,8.0,|||53.798065,58.908688,63.508247,68.86991,72.96738,  [DBHJRI+CMR9]|||8.0|||417.7019|||80.274666|||inspired|||112.05914306640625|||8.0,8.0,8.0,8.0,8.0,8.0,8.0,8.0,|||80.274666,82.82998,87.9406,91.57183,96.68245,99.23776,102.842094,106.93956,  [DBHJRI+CMR9]|||8.0|||417.7019|||115.753136|||an|||125.47227478027344|||8.0,8.0,|||115.753136,120.35269,  [DBHJRI+CMR9]|||8.0|||417.7019|||129.16626|||explosion|||166.29443359375|||8.0,8.0,8.0,8.0,8.0,8.0,8.0,8.0,8.0,|||129.16626,133.26372,138.12329,143.2339,145.78922,150.38876,154.01999,156.5753,161.17485,  [DBHJRI+CMR9]|||8.0|||417.7019|||169.98842|||of|||177.40328979492188|||8.0,8.0,|||169.98842,174.58797,  [DBHJRI+CMR9]|||8.0|||417.7019|||181.10625|||research|||213.6976318359375|||8.0,8.0,8.0,8.0,8.0,8.0,8.0,8.0,|||181.10625,184.71057,188.80803,192.43925,196.53671,201.13626,204.7406,208.57805,  [DBHJRI+CMR9]|||8.0|||417.7019|||217.39162|||to|||225.5775604248047|||8.0,8.0,|||217.39162,220.96904,  [DBHJRI+CMR9]|||8.0|||417.7019|||229.27155|||further|||257.191650390625|||8.0,8.0,8.0,8.0,8.0,8.0,8.0,|||229.27155,232.08687,237.19748,240.80182,244.37924,249.48985,253.58731,  [DBHJRI+CMR9]|||8.0|||417.7019|||260.89462|||improve|||292.894287109375|||8.0,8.0,8.0,8.0,8.0,8.0,8.0,|||260.89462,263.44992,271.12482,276.23544,279.83978,284.1883,288.7968, 
[DBHJRI+CMR9]|||8.0|||428.1629|||53.798065|||the|||66.58358764648438|||8.0,8.0,8.0,|||53.798065,57.3755,62.486122,  [DBHJRI+CMR9]|||8.0|||428.1629|||69.192696|||accuracy|||104.2318344116211|||8.0,8.0,8.0,8.0,8.0,8.0,8.0,8.0,|||69.192696,73.79225,77.88075,81.96925,87.07987,90.684204,95.28376,99.37226,  [DBHJRI+CMR9]|||8.0|||428.1629|||106.84094|||of|||114.25582122802734|||8.0,8.0,|||106.84094,111.4405,  [DBHJRI+CMR9]|||8.0|||428.1629|||116.87389|||multiple|||149.8597869873047|||8.0,8.0,8.0,8.0,8.0,8.0,8.0,8.0,|||116.87389,124.297745,129.40836,131.96367,135.54109,138.0964,143.20702,145.76233,  [DBHJRI+CMR9]|||8.0|||428.1629|||152.46889|||branch|||179.8510284423828|||8.0,8.0,8.0,8.0,8.0,8.0,|||152.46889,157.5795,161.18384,165.78339,170.894,174.73145,  [DBHJRI+CMR9]|||8.0|||428.1629|||182.45117|||prediction,|||225.4161834716797|||8.0,8.0,8.0,8.0,8.0,8.0,8.0,8.0,8.0,8.0,8.0,|||182.45117,187.56178,191.1661,195.26357,200.37418,202.92949,207.01797,210.5954,213.15071,217.75026,222.86087,  [DBHJRI+CMR9]|||8.0|||428.1629|||228.11494|||reduce|||254.22389221191406|||8.0,8.0,8.0,8.0,8.0,8.0,|||228.11494,231.71927,235.81673,240.92734,246.03795,250.12643,  [DBHJRI+CMR9]|||8.0|||428.1629|||256.84195|||complex-|||292.9031982421875|||8.0,8.0,8.0,8.0,8.0,8.0,8.0,8.0,|||256.84195,260.93045,265.53,273.2049,278.31552,280.87082,284.9683,289.82785, 
[DBHJRI+CMR9]|||8.0|||438.6239|||53.798065|||ity|||64.5393295288086|||8.0,8.0,8.0,|||53.798065,56.353374,59.67976,  [DBHJRI+CMR9]|||8.0|||438.6239|||68.58299|||of|||75.99787139892578|||8.0,8.0,|||68.58299,73.18255,  [DBHJRI+CMR9]|||8.0|||438.6239|||80.041534|||fetching|||111.75428009033203|||8.0,8.0,8.0,8.0,8.0,8.0,8.0,8.0,|||80.041534,82.85686,86.95432,90.53176,94.36921,99.47983,102.03514,107.14576,  [DBHJRI+CMR9]|||8.0|||438.6239|||115.78898|||multiple|||148.77487182617188|||8.0,8.0,8.0,8.0,8.0,8.0,8.0,8.0,|||115.78898,123.21283,128.32344,130.87875,134.45618,137.01149,142.1221,144.67741,  [DBHJRI+CMR9]|||8.0|||438.6239|||152.8275|||basic|||172.8216552734375|||8.0,8.0,8.0,8.0,8.0,|||152.8275,157.93811,162.53766,166.16888,168.7242,  [DBHJRI+CMR9]|||8.0|||438.6239|||176.85635|||blocks,|||204.25643920898438|||8.0,8.0,8.0,8.0,8.0,8.0,8.0,|||176.85635,181.96696,184.52228,189.37288,193.21033,198.0699,201.70113,  [DBHJRI+CMR9]|||8.0|||438.6239|||208.54219|||or|||216.74606323242188|||8.0,8.0,|||208.54219,213.14174,  [DBHJRI+CMR9]|||8.0|||438.6239|||220.78973|||increase|||252.57415771484375|||8.0,8.0,8.0,8.0,8.0,8.0,8.0,8.0,|||220.78973,223.34505,228.45566,232.54414,236.14847,240.24593,244.84547,248.4767,  [DBHJRI+CMR9]|||8.0|||438.6239|||256.61783|||the|||269.4033508300781|||8.0,8.0,8.0,|||256.61783,260.19525,265.30588,  [DBHJRI+CMR9]|||8.0|||438.6239|||273.456|||fetch|||292.9032897949219|||8.0,8.0,8.0,8.0,8.0,|||273.456,276.27133,280.3688,283.94623,287.7837, 
[DBHJRI+CMR9]|||8.0|||449.0849|||53.798065|||bandwidth|||96.74520874023438|||8.0,8.0,8.0,8.0,8.0,8.0,8.0,8.0,8.0,|||53.798065,58.908688,63.508247,68.618866,73.729485,80.382256,82.93757,88.04819,91.625626,  [DBHJRI+CMR9]|||8.0|||449.0849|||99.80261|||in|||107.47750854492188|||8.0,8.0,|||99.80261,102.357925,  [DBHJRI+CMR9]|||8.0|||449.0849|||110.53491|||other|||131.52432250976562|||8.0,8.0,8.0,8.0,8.0,|||110.53491,115.13447,118.71191,123.822525,127.91999,  [DBHJRI+CMR9]|||8.0|||449.0849|||134.5907|||ways.|||156.3870391845703|||8.0,8.0,8.0,8.0,8.0,|||134.5907,140.99242,145.34093,150.2005,153.83173, 
[DBHJRI+CMR9]|||8.0|||470.0069|||53.798065|||Our|||69.67684936523438|||8.0,8.0,8.0,|||53.798065,60.9619,66.07252,  [DBHJRI+CMR9]|||8.0|||470.0069|||73.82811|||HPS|||92.1187515258789|||8.0,8.0,8.0,|||73.82811,80.73193,86.99917,  [DBHJRI+CMR9]|||8.0|||470.0069|||96.26105|||research|||128.8524627685547|||8.0,8.0,8.0,8.0,8.0,8.0,8.0,8.0,|||96.26105,99.86538,103.962845,107.59408,111.69154,116.2911,119.89543,123.73288,  [DBHJRI+CMR9]|||8.0|||470.0069|||132.9858|||group|||156.0194091796875|||8.0,8.0,8.0,8.0,8.0,|||132.9858,137.58534,141.18967,145.78922,150.89983,  [DBHJRI+CMR9]|||8.0|||470.0069|||160.1617|||defied|||183.69741821289062|||8.0,8.0,8.0,8.0,8.0,|||160.1617,165.27231,169.36977,174.48038,178.57784,  [DBHJRI+CMR9]|||8.0|||470.0069|||187.8397|||conventional|||237.95062255859375|||8.0,8.0,8.0,8.0,8.0,8.0,8.0,8.0,8.0,8.0,8.0,8.0,|||187.8397,191.92819,196.52774,201.38731,205.99583,210.09329,214.95287,218.53029,221.0856,225.68515,230.79576,235.39531,  [DBHJRI+CMR9]|||8.0|||470.0069|||242.10188|||wisdom|||272.3262634277344|||8.0,8.0,8.0,8.0,8.0,8.0,|||242.10188,248.75465,251.30997,254.9412,260.05182,264.65137,  [DBHJRI+CMR9]|||8.0|||470.0069|||276.4775|||in|||284.15240478515625|||8.0,8.0,|||276.4775,279.0328,  [DBHJRI+CMR9]|||8.0|||470.0069|||288.2947|||a|||292.9032287597656|||8.0,|||288.2947, 
[DBHJRI+CMR9]|||8.0|||480.4679|||53.798065|||1991|||72.20526123046875|||8.0,8.0,8.0,8.0,|||53.798065,58.397625,62.997185,67.59674,  [DBHJRI+CMR9]|||8.0|||480.4679|||74.29434|||ISCA|||96.2879409790039|||8.0,8.0,8.0,8.0,|||74.29434,77.61176,82.72238,89.37515,  [DBHJRI+CMR9]|||8.0|||480.4679|||98.36805|||paper|||121.14168548583984|||8.0,8.0,8.0,8.0,8.0,|||98.36805,103.47867,108.078224,113.43989,117.53735,  [DBHJRI+CMR9]|||8.0|||480.4679|||123.23973|||[1]|||132.9499053955078|||8.0,8.0,8.0,|||123.23973,125.795044,130.39459,  [DBHJRI+CMR9]|||8.0|||480.4679|||135.03899|||that|||151.9129638671875|||8.0,8.0,8.0,8.0,|||135.03899,138.61641,143.72702,148.32657,  [DBHJRI+CMR9]|||8.0|||480.4679|||154.00204|||demonstrated|||208.80215454101562|||8.0,8.0,8.0,8.0,8.0,8.0,8.0,8.0,8.0,8.0,8.0,8.0,|||154.00204,159.11266,163.21011,170.88501,175.48456,180.59517,184.2264,187.80382,191.40814,196.00769,199.58511,203.68257,  [DBHJRI+CMR9]|||8.0|||480.4679|||210.89124|||instruction|||254.41213989257812|||8.0,8.0,8.0,8.0,8.0,8.0,8.0,8.0,8.0,8.0,8.0,|||210.89124,213.43758,218.54819,222.17941,225.75684,229.36118,234.47179,238.56027,242.1377,244.69301,249.29256,  [DBHJRI+CMR9]|||8.0|||480.4679|||256.50122|||level|||274.415283203125|||8.0,8.0,8.0,8.0,8.0,|||256.50122,259.05652,263.154,267.7625,271.86,  [DBHJRI+CMR9]|||8.0|||480.4679|||276.51334|||par-|||292.9031982421875|||8.0,8.0,8.0,8.0,|||276.51334,281.62396,286.2235,289.82785, 
[DBHJRI+CMR9]|||8.0|||490.9289|||53.798065|||allelism|||84.0224609375|||8.0,8.0,8.0,8.0,8.0,8.0,8.0,8.0,|||53.798065,58.397625,60.952934,63.508244,67.605705,70.16102,72.71633,76.347565,  [DBHJRI+CMR9]|||8.0|||490.9289|||86.23706|||(IPC)|||109.6383285522461|||8.0,8.0,8.0,8.0,8.0,|||86.23706,89.8145,93.13192,99.399155,106.051926,  [DBHJRI+CMR9]|||8.0|||490.9289|||111.84396|||can|||125.65160369873047|||8.0,8.0,8.0,|||111.84396,115.932465,120.53202,  [DBHJRI+CMR9]|||8.0|||490.9289|||127.85724|||be|||137.3163604736328|||8.0,8.0,|||127.85724,133.2189,  [DBHJRI+CMR9]|||8.0|||490.9289|||139.53096|||greater|||167.7110595703125|||8.0,8.0,8.0,8.0,8.0,8.0,8.0,|||139.53096,144.13051,147.73483,151.83229,156.43184,160.00926,164.10672,  [DBHJRI+CMR9]|||8.0|||490.9289|||169.92566|||than|||188.33282470703125|||8.0,8.0,8.0,8.0,|||169.92566,173.50308,178.6137,183.21324,  [DBHJRI+CMR9]|||8.0|||490.9289|||190.53847|||two|||204.87509155273438|||8.0,8.0,8.0,|||190.53847,193.86485,200.26657,  [DBHJRI+CMR9]|||8.0|||490.9289|||207.08073|||even|||225.00375366210938|||8.0,8.0,8.0,8.0,|||207.08073,211.17819,215.78671,219.88417,  [DBHJRI+CMR9]|||8.0|||490.9289|||227.2094|||for|||238.22860717773438|||8.0,8.0,8.0,|||227.2094,230.02472,234.62427,  [DBHJRI+CMR9]|||8.0|||490.9289|||240.4432|||non-scientific|||292.90325927734375|||8.0,8.0,8.0,8.0,8.0,8.0,8.0,8.0,8.0,8.0,8.0,8.0,8.0,|||240.4432,245.55382,250.15337,255.26398,258.33035,261.96158,266.05008,268.60538,272.70285,277.56244,281.13986,283.69516,288.8058, 
[DBHJRI+CMR9]|||8.0|||501.3899|||53.798065|||workloads.|||96.3148422241211|||8.0,8.0,8.0,8.0,8.0,8.0,8.0,8.0,8.0,8.0,|||53.798065,60.199787,64.79935,68.40368,73.26325,75.818565,80.41812,85.01768,90.128296,93.75953,  [DBHJRI+CMR9]|||8.0|||501.3899|||100.27782|||This|||118.21878814697266|||8.0,8.0,8.0,8.0,|||100.27782,106.93059,112.04121,114.587555,  [DBHJRI+CMR9]|||8.0|||501.3899|||120.89962|||flew|||136.76046752929688|||8.0,8.0,8.0,|||120.89962,126.01024,130.1077,  [DBHJRI+CMR9]|||8.0|||501.3899|||139.4413|||in|||147.11619567871094|||8.0,8.0,|||139.4413,141.99661,  [DBHJRI+CMR9]|||8.0|||501.3899|||149.78807|||the|||162.5735626220703|||8.0,8.0,8.0,|||149.78807,153.3655,158.4761,  [DBHJRI+CMR9]|||8.0|||501.3899|||165.2544|||face|||180.85520935058594|||8.0,8.0,8.0,8.0,|||165.2544,168.06972,172.66927,176.75775,  [DBHJRI+CMR9]|||8.0|||501.3899|||183.53604|||of|||190.95091247558594|||8.0,8.0,|||183.53604,188.13559,  [DBHJRI+CMR9]|||8.0|||501.3899|||193.63174|||numerous|||232.3199920654297|||8.0,8.0,8.0,8.0,8.0,8.0,8.0,8.0,|||193.63174,198.49132,203.60193,211.27682,215.37428,218.9786,223.57816,228.68877,  [DBHJRI+CMR9]|||8.0|||501.3899|||233.88008|||“proofs”|||267.6998291015625|||8.0,8.0,8.0,8.0,8.0,8.0,8.0,8.0,|||233.88008,238.47963,243.59024,247.19458,252.04518,256.64474,259.46008,263.0913,  [DBHJRI+CMR9]|||8.0|||501.3899|||269.25095|||at|||277.4368896484375|||8.0,8.0,|||269.25095,273.8505,  [DBHJRI+CMR9]|||8.0|||501.3899|||280.10876|||the|||292.894287109375|||8.0,8.0,8.0,|||280.10876,283.6862,288.7968, 
[DBHJRI+CMR9]|||8.0|||511.8509|||53.798065|||time.|||74.25848388671875|||8.0,8.0,8.0,8.0,8.0,|||53.798065,57.3755,59.93081,67.605705,71.70317,  [DBHJRI+CMR9]|||8.0|||511.8509|||79.33324|||We|||92.13668823242188|||8.0,8.0,|||79.33324,88.03922,  [DBHJRI+CMR9]|||8.0|||511.8509|||95.534805|||showed|||124.24393463134766|||8.0,8.0,8.0,8.0,8.0,8.0,|||95.534805,99.16604,104.27666,108.62516,115.026886,119.12435,  [DBHJRI+CMR9]|||8.0|||511.8509|||127.63308|||that|||144.50706481933594|||8.0,8.0,8.0,8.0,|||127.63308,131.21051,136.32112,140.92067,  [DBHJRI+CMR9]|||8.0|||511.8509|||147.89621|||there|||168.3834991455078|||8.0,8.0,8.0,8.0,8.0,|||147.89621,151.47363,156.58424,160.6817,164.28604,  [DBHJRI+CMR9]|||8.0|||511.8509|||171.78162|||was|||186.4141082763672|||8.0,8.0,8.0,|||171.78162,178.18333,182.78288,  [DBHJRI+CMR9]|||8.0|||511.8509|||189.80325|||enough|||218.44061279296875|||8.0,8.0,8.0,8.0,8.0,8.0,|||189.80325,193.90071,199.01132,203.61087,208.72148,213.32103,  [DBHJRI+CMR9]|||8.0|||511.8509|||221.82976|||parallelism|||265.36865234375|||8.0,8.0,8.0,8.0,8.0,8.0,8.0,8.0,8.0,8.0,8.0,|||221.82976,226.94037,231.53992,235.14426,239.7438,242.29912,244.85443,248.95189,251.5072,254.06252,257.69376,  [DBHJRI+CMR9]|||8.0|||511.8509|||268.76675|||for|||279.7859802246094|||8.0,8.0,8.0,|||268.76675,271.5821,276.18164,  [DBHJRI+CMR9]|||8.0|||511.8509|||283.18408|||an|||292.9032287597656|||8.0,8.0,|||283.18408,287.78363, 
[DBHJRI+CMR9]|||8.0|||522.3119|||53.798065|||aggressive|||93.82231140136719|||8.0,8.0,8.0,8.0,8.0,8.0,8.0,8.0,8.0,8.0,|||53.798065,58.397625,62.997185,67.59674,71.20107,75.29854,78.92977,82.561005,85.11632,89.724846,  [DBHJRI+CMR9]|||8.0|||522.3119|||97.5701|||superscalar|||142.44491577148438|||8.0,8.0,8.0,8.0,8.0,8.0,8.0,8.0,8.0,8.0,8.0,|||97.5701,101.20133,106.31195,111.673615,115.77108,119.37541,123.006645,127.08618,131.68573,134.24104,138.84059,  [DBHJRI+CMR9]|||8.0|||522.3119|||146.1927|||out-of-order|||194.04415893554688|||8.0,8.0,8.0,8.0,8.0,8.0,8.0,8.0,8.0,8.0,8.0,8.0,|||146.1927,150.79225,155.90286,159.48029,162.54665,167.1462,169.96152,173.02788,177.62743,181.23175,186.34236,190.43982,  [DBHJRI+CMR9]|||8.0|||522.3119|||197.79195|||execution|||235.89739990234375|||8.0,8.0,8.0,8.0,8.0,8.0,8.0,8.0,8.0,|||197.79195,201.8894,206.74898,210.84644,214.93492,220.04553,223.62296,226.17827,230.77782,  [DBHJRI+CMR9]|||8.0|||522.3119|||239.62726|||engine|||265.1982727050781|||8.0,8.0,8.0,8.0,8.0,8.0,|||239.62726,243.72472,248.83533,253.43488,255.99019,261.1008,  [DBHJRI+CMR9]|||8.0|||522.3119|||268.94608|||to|||277.13201904296875|||8.0,8.0,|||268.94608,272.5235,  [DBHJRI+CMR9]|||8.0|||522.3119|||280.87085|||ex-|||292.9032287597656|||8.0,8.0,8.0,|||280.87085,284.96832,289.82788, 
[DBHJRI+CMR9]|||8.0|||532.7729|||53.798065|||ploit|||72.20526885986328|||8.0,8.0,8.0,8.0,8.0,|||53.798065,58.908688,61.463997,66.06355,68.618866,  [DBHJRI+CMR9]|||8.0|||532.7729|||76.517914|||to|||84.70387268066406|||8.0,8.0,|||76.517914,80.09535,  [DBHJRI+CMR9]|||8.0|||532.7729|||89.02548|||dramatically|||139.4054412841797|||8.0,8.0,8.0,8.0,8.0,8.0,8.0,8.0,8.0,8.0,8.0,8.0,|||89.02548,94.1361,97.74043,102.33999,110.014885,114.61444,118.19188,120.74719,124.83569,129.43524,131.99055,134.54587,  [DBHJRI+CMR9]|||8.0|||532.7729|||143.72705|||improve|||175.72669982910156|||8.0,8.0,8.0,8.0,8.0,8.0,8.0,|||143.72705,146.28236,153.95726,159.06787,162.67221,167.02072,171.62924,  [DBHJRI+CMR9]|||8.0|||532.7729|||180.05728|||performance,|||232.2662353515625|||8.0,8.0,8.0,8.0,8.0,8.0,8.0,8.0,8.0,8.0,8.0,8.0,|||180.05728,185.41895,189.5164,193.12073,195.93605,200.5356,204.13992,211.81482,216.41437,221.52498,225.61346,229.71092,  [DBHJRI+CMR9]|||8.0|||532.7729|||236.90166|||provided|||271.70770263671875|||8.0,8.0,8.0,8.0,8.0,8.0,8.0,8.0,|||236.90166,242.01227,245.61661,249.96512,254.82469,257.38,262.49063,266.5881,  [DBHJRI+CMR9]|||8.0|||532.7729|||276.02933|||that|||292.9033203125|||8.0,8.0,8.0,8.0,|||276.02933,279.60675,284.71738,289.31693, 
[DBHJRI+CMR9]|||8.0|||543.2339|||53.798065|||the|||66.58358764648438|||8.0,8.0,8.0,|||53.798065,57.3755,62.486122,  [DBHJRI+CMR9]|||8.0|||543.2339|||69.90997|||penalties|||105.49604034423828|||8.0,8.0,8.0,8.0,8.0,8.0,8.0,8.0,8.0,|||69.90997,75.27164,79.3691,84.47972,89.07928,91.63459,95.21203,97.76734,101.86481,  [DBHJRI+CMR9]|||8.0|||543.2339|||108.822426|||caused|||135.46937561035156|||8.0,8.0,8.0,8.0,8.0,8.0,|||108.822426,112.91093,117.51048,122.6211,126.252335,130.3498,  [DBHJRI+CMR9]|||8.0|||543.2339|||138.77783|||by|||148.49697875976562|||8.0,8.0,|||138.77783,143.6374,  [DBHJRI+CMR9]|||8.0|||543.2339|||151.82336|||incorrect|||187.1583251953125|||8.0,8.0,8.0,8.0,8.0,8.0,8.0,8.0,8.0,|||151.82336,154.37868,159.48929,163.57777,168.17732,171.78165,175.38599,179.48344,183.57193,  [DBHJRI+CMR9]|||8.0|||543.2339|||190.47574|||branch|||217.8578643798828|||8.0,8.0,8.0,8.0,8.0,8.0,|||190.47574,195.58635,199.19067,203.79022,208.90083,212.73828,  [DBHJRI+CMR9]|||8.0|||543.2339|||221.17528|||predictions,|||267.77154541015625|||8.0,8.0,8.0,8.0,8.0,8.0,8.0,8.0,8.0,8.0,8.0,8.0,|||221.17528,226.28589,229.89023,233.98769,239.0983,241.65361,245.7421,249.31952,251.87483,256.4744,261.58502,265.21625,  [DBHJRI+CMR9]|||8.0|||543.2339|||271.1607|||cache|||292.8943176269531|||8.0,8.0,8.0,8.0,8.0,|||271.1607,275.2492,279.84875,283.68622,288.79684, 
[DBHJRI+CMR9]|||8.0|||553.6949|||53.798065|||misses,|||81.57475280761719|||8.0,8.0,8.0,8.0,8.0,8.0,8.0,|||53.798065,61.47296,64.028275,67.65951,71.29074,75.38821,79.01944,  [DBHJRI+CMR9]|||8.0|||553.6949|||84.64113|||and|||99.47088623046875|||8.0,8.0,8.0,|||84.64113,89.240685,94.3513,  [DBHJRI+CMR9]|||8.0|||553.6949|||102.52829|||TLB|||121.4644775390625|||8.0,8.0,8.0,|||102.52829,109.18106,114.93723,  [DBHJRI+CMR9]|||8.0|||553.6949|||124.52188|||misses|||149.74322509765625|||8.0,8.0,8.0,8.0,8.0,8.0,|||124.52188,132.19678,134.75209,138.38332,142.01454,146.112,  [DBHJRI+CMR9]|||8.0|||553.6949|||152.8096|||could|||174.28314208984375|||8.0,8.0,8.0,8.0,8.0,|||152.8096,156.89809,161.49763,166.60825,169.16356,  [DBHJRI+CMR9]|||8.0|||553.6949|||177.34055|||be|||186.79966735839844|||8.0,8.0,|||177.34055,182.70221,  [DBHJRI+CMR9]|||8.0|||553.6949|||189.86604|||improved.|||229.53160095214844|||8.0,8.0,8.0,8.0,8.0,8.0,8.0,8.0,8.0,|||189.86604,192.42136,200.09625,205.20686,208.81119,213.1597,217.76822,221.86568,226.97629, 
[DBHJRI+CMR9]|||8.0|||574.6169|||53.798065|||Six|||66.32357025146484|||8.0,8.0,8.0,|||53.798065,58.908688,61.463997,  [DBHJRI+CMR9]|||8.0|||574.6169|||70.81554|||months|||100.26884460449219|||8.0,8.0,8.0,8.0,8.0,8.0,|||70.81554,78.49043,83.08999,87.949554,91.52699,96.63761,  [DBHJRI+CMR9]|||8.0|||574.6169|||104.769775|||later,|||125.75919342041016|||8.0,8.0,8.0,8.0,8.0,8.0,|||104.769775,107.32509,111.924644,115.50208,119.59955,123.20388,  [DBHJRI+CMR9]|||8.0|||574.6169|||130.6098|||in|||138.28469848632812|||8.0,8.0,|||130.6098,133.16512,  [DBHJRI+CMR9]|||8.0|||574.6169|||142.7677|||our|||156.08218383789062|||8.0,8.0,8.0,|||142.7677,147.36725,152.47786,  [DBHJRI+CMR9]|||8.0|||574.6169|||160.57414|||Micro|||183.8677978515625|||8.0,8.0,8.0,8.0,8.0,|||160.57414,169.01114,171.56645,175.65494,179.25928,  [DBHJRI+CMR9]|||8.0|||574.6169|||188.35976|||1991|||206.7669219970703|||8.0,8.0,8.0,8.0,|||188.35976,192.9593,197.55885,202.1584,  [DBHJRI+CMR9]|||8.0|||574.6169|||211.24992|||paper|||234.02352905273438|||8.0,8.0,8.0,8.0,8.0,|||211.24992,216.36053,220.96008,226.32175,230.4192,  [DBHJRI+CMR9]|||8.0|||574.6169|||238.51549|||[5],|||250.78097534179688|||8.0,8.0,8.0,8.0,|||238.51549,241.0708,245.67035,248.22566,  [DBHJRI+CMR9]|||8.0|||574.6169|||255.63158|||we|||266.13079833984375|||8.0,8.0,|||255.63158,262.03333,  [DBHJRI+CMR9]|||8.0|||574.6169|||270.63174|||intro-|||292.9032897949219|||8.0,8.0,8.0,8.0,8.0,8.0,|||270.63174,273.18704,278.04663,281.62405,285.2284,289.82794, 
[DBHJRI+CMR9]|||8.0|||585.0779|||53.798065|||duced|||77.32485961914062|||8.0,8.0,8.0,8.0,8.0,|||53.798065,58.908688,64.01931,68.10781,72.20528,  [DBHJRI+CMR9]|||8.0|||585.0779|||81.07265|||the|||93.85816955566406|||8.0,8.0,8.0,|||81.07265,84.650085,89.760704,  [DBHJRI+CMR9]|||8.0|||585.0779|||97.623886|||Two-level|||136.2583770751953|||8.0,8.0,8.0,8.0,8.0,8.0,8.0,8.0,8.0,|||97.623886,104.27666,110.67838,115.27794,118.344315,120.89963,124.99709,129.6056,133.70306,  [DBHJRI+CMR9]|||8.0|||585.0779|||140.01514|||Adaptive|||176.57843017578125|||8.0,8.0,8.0,8.0,8.0,8.0,8.0,8.0,|||140.01514,146.91895,152.02956,156.6291,161.73972,165.31714,167.87245,172.48097,  [DBHJRI+CMR9]|||8.0|||585.0779|||180.33519|||Branch|||209.12498474121094|||8.0,8.0,8.0,8.0,8.0,8.0,|||180.33519,186.85347,190.4578,195.05734,200.16795,204.0054,  [DBHJRI+CMR9]|||8.0|||585.0779|||212.88174|||Predictor,|||252.94178771972656|||8.0,8.0,8.0,8.0,8.0,8.0,8.0,8.0,8.0,8.0,|||212.88174,219.14897,222.7533,226.85075,231.96136,234.51668,238.60516,242.18259,246.78214,250.38647,  [DBHJRI+CMR9]|||8.0|||585.0779|||256.8689|||based|||279.4273681640625|||8.0,8.0,8.0,8.0,8.0,|||256.8689,261.97952,266.57907,270.2103,274.30777,  [DBHJRI+CMR9]|||8.0|||585.0779|||283.1841|||on|||292.90325927734375|||8.0,8.0,|||283.1841,287.78366, 
[DBHJRI+CMR9]|||8.0|||595.5389|||53.798065|||the|||66.58358764648438|||8.0,8.0,8.0,|||53.798065,57.3755,62.486122,  [DBHJRI+CMR9]|||8.0|||595.5389|||68.93268|||notion|||94.49474334716797|||8.0,8.0,8.0,8.0,8.0,8.0,|||68.93268,74.0433,78.64285,82.22029,84.775604,89.37516,  [DBHJRI+CMR9]|||8.0|||595.5389|||96.825905|||that|||113.69992065429688|||8.0,8.0,8.0,8.0,|||96.825905,100.40334,105.51396,110.11352,  [DBHJRI+CMR9]|||8.0|||595.5389|||116.04005|||maintaining|||163.8467254638672|||8.0,8.0,8.0,8.0,8.0,8.0,8.0,8.0,8.0,8.0,8.0,|||116.04005,123.71494,128.3145,130.86981,135.72939,139.30681,143.90636,146.46167,151.57228,154.1276,159.2382,  [DBHJRI+CMR9]|||8.0|||595.5389|||166.17789|||two|||180.51451110839844|||8.0,8.0,8.0,|||166.17789,169.50427,175.90599,  [DBHJRI+CMR9]|||8.0|||595.5389|||182.85464|||levels|||204.39993286132812|||8.0,8.0,8.0,8.0,8.0,8.0,|||182.85464,185.40996,189.50742,194.11594,198.2134,200.7687,  [DBHJRI+CMR9]|||8.0|||595.5389|||206.74902|||of|||214.1638946533203|||8.0,8.0,|||206.74902,211.34857,  [DBHJRI+CMR9]|||8.0|||595.5389|||216.50403|||branch|||243.8861541748047|||8.0,8.0,8.0,8.0,8.0,8.0,|||216.50403,221.61464,225.21896,229.81851,234.92912,238.76657,  [DBHJRI+CMR9]|||8.0|||595.5389|||246.22629|||history|||274.164306640625|||8.0,8.0,8.0,8.0,8.0,8.0,8.0,|||246.22629,251.3369,253.89221,257.52344,261.10086,265.7004,269.30475,  [DBHJRI+CMR9]|||8.0|||595.5389|||276.5134|||pro-|||292.90325927734375|||8.0,8.0,8.0,8.0,|||276.5134,281.62402,285.22836,289.8279, 
[DBHJRI+CMR9]|||8.0|||605.9999|||53.798065|||vides|||74.0522689819336|||8.0,8.0,8.0,8.0,8.0,|||53.798065,58.65764,61.212948,66.32357,70.421036,  [DBHJRI+CMR9]|||8.0|||605.9999|||78.16766|||far|||89.18687438964844|||8.0,8.0,8.0,|||78.16766,80.98299,85.58254,  [DBHJRI+CMR9]|||8.0|||605.9999|||93.293304|||greater|||121.47344970703125|||8.0,8.0,8.0,8.0,8.0,8.0,8.0,|||93.293304,97.89286,101.49719,105.59466,110.194214,113.77165,117.86912,  [DBHJRI+CMR9]|||8.0|||605.9999|||125.588844|||accuracy|||160.6279296875|||8.0,8.0,8.0,8.0,8.0,8.0,8.0,8.0,|||125.588844,130.1884,134.27689,138.36537,143.47598,147.08032,151.67987,155.76836,  [DBHJRI+CMR9]|||8.0|||605.9999|||164.74332|||than|||183.15048217773438|||8.0,8.0,8.0,8.0,|||164.74332,168.32074,173.43135,178.0309,  [DBHJRI+CMR9]|||8.0|||605.9999|||187.25691|||was|||201.889404296875|||8.0,8.0,8.0,|||187.25691,193.65863,198.25818,  [DBHJRI+CMR9]|||8.0|||605.9999|||205.99583|||possible|||237.53819274902344|||8.0,8.0,8.0,8.0,8.0,8.0,8.0,8.0,|||205.99583,211.3575,215.95705,219.58827,223.2195,225.77481,230.88542,233.44073,  [DBHJRI+CMR9]|||8.0|||605.9999|||241.65358|||with|||259.5586853027344|||8.0,8.0,8.0,8.0,|||241.65358,248.30635,250.86166,254.43909,  [DBHJRI+CMR9]|||8.0|||605.9999|||263.6651|||simpler|||292.8942565917969|||8.0,8.0,8.0,8.0,8.0,8.0,8.0,|||263.6651,267.29633,269.85162,277.52652,282.63715,285.19244,289.28992, 
[DBHJRI+CMR9]|||8.0|||616.4609|||53.798065|||branch|||81.18022918701172|||8.0,8.0,8.0,8.0,8.0,8.0,|||53.798065,58.908688,62.51302,67.11258,72.2232,76.060646,  [DBHJRI+CMR9]|||8.0|||616.4609|||85.66323|||prediction|||126.08197021484375|||8.0,8.0,8.0,8.0,8.0,8.0,8.0,8.0,8.0,8.0,|||85.66323,90.77385,94.37818,98.47565,103.586266,106.14158,110.23008,113.80752,116.36283,120.96239,  [DBHJRI+CMR9]|||8.0|||616.4609|||130.57393|||schemes|||162.6542510986328|||8.0,8.0,8.0,8.0,8.0,8.0,8.0,|||130.57393,134.20515,138.0426,143.15321,147.25067,154.92557,159.02303,  [DBHJRI+CMR9]|||8.0|||616.4609|||167.14621|||[4].|||179.4116973876953|||8.0,8.0,8.0,8.0,|||167.14621,169.70152,174.30107,176.85638,  [DBHJRI+CMR9]|||8.0|||616.4609|||187.7949|||Other|||211.34857177734375|||8.0,8.0,8.0,8.0,8.0,|||187.7949,194.95874,198.53616,203.64677,207.74423,  [DBHJRI+CMR9]|||8.0|||616.4609|||215.84053|||researchers|||259.7559509277344|||8.0,8.0,8.0,8.0,8.0,8.0,8.0,8.0,8.0,8.0,8.0,|||215.84053,219.44485,223.54231,227.17354,231.271,235.87054,239.47488,243.31233,248.42294,252.5204,256.12473,  [DBHJRI+CMR9]|||8.0|||616.4609|||264.2569|||quickly|||292.8942565917969|||8.0,8.0,8.0,8.0,8.0,8.0,8.0,|||264.2569,269.11646,274.22708,276.78238,280.61984,285.4794,288.0347, 
[NTWVLD+NimbusRomNo9L-Regu]|||6.0|||647.7779|||53.798065|||Permission|||84.79749298095703|||6.0,6.0,6.0,6.0,6.0,6.0,6.0,6.0,6.0,6.0,|||53.798065,57.67561,60.772064,63.094406,68.52018,70.458954,73.17184,75.88472,77.823494,81.31049,  [NTWVLD+NimbusRomNo9L-Regu]|||6.0|||647.7779|||87.08497|||to|||92.5107421875|||6.0,6.0,|||87.08497,89.02374,  [NTWVLD+NimbusRomNo9L-Regu]|||6.0|||647.7779|||94.80519|||make|||109.84114074707031|||6.0,6.0,6.0,6.0,|||94.80519,100.230965,103.32742,106.74468,  [NTWVLD+NimbusRomNo9L-Regu]|||6.0|||647.7779|||112.12862|||digital|||129.95416259765625|||6.0,6.0,6.0,6.0,6.0,6.0,6.0,|||112.12862,115.615616,117.55439,121.04139,122.98016,124.91894,128.0154,  [NTWVLD+NimbusRomNo9L-Regu]|||6.0|||647.7779|||132.24861|||or|||138.05795288085938|||6.0,6.0,|||132.24861,135.73561,  [NTWVLD+NimbusRomNo9L-Regu]|||6.0|||647.7779|||140.34543|||hard|||152.73822021484375|||6.0,6.0,6.0,6.0,|||140.34543,143.83243,146.92888,149.25122,  [NTWVLD+NimbusRomNo9L-Regu]|||6.0|||647.7779|||155.03267|||copies|||172.85122680664062|||6.0,6.0,6.0,6.0,6.0,6.0,|||155.03267,158.12912,161.61612,165.10312,167.04189,170.13834,  [NTWVLD+NimbusRomNo9L-Regu]|||6.0|||647.7779|||175.1387|||of|||180.9480438232422|||6.0,6.0,|||175.1387,178.6257,  [NTWVLD+NimbusRomNo9L-Regu]|||6.0|||647.7779|||183.23552|||part|||194.080078125|||6.0,6.0,6.0,6.0,|||183.23552,186.72252,189.81897,192.14131,  [NTWVLD+NimbusRomNo9L-Regu]|||6.0|||647.7779|||196.37453|||or|||202.18386840820312|||6.0,6.0,|||196.37453,199.86153,  [NTWVLD+NimbusRomNo9L-Regu]|||6.0|||647.7779|||204.47134|||all|||211.44532775878906|||6.0,6.0,6.0,|||204.47134,207.5678,209.50656,  [NTWVLD+NimbusRomNo9L-Regu]|||6.0|||647.7779|||213.73978|||of|||219.5491180419922|||6.0,6.0,|||213.73978,217.22678,  [NTWVLD+NimbusRomNo9L-Regu]|||6.0|||647.7779|||221.8366|||this|||231.9140167236328|||6.0,6.0,6.0,6.0,|||221.8366,223.77536,227.26236,229.20113,  [NTWVLD+NimbusRomNo9L-Regu]|||6.0|||647.7779|||234.20847|||work|||248.47030639648438|||6.0,6.0,6.0,6.0,|||234.20847,239.17397,242.66096,244.9833,  [NTWVLD+NimbusRomNo9L-Regu]|||6.0|||647.7779|||250.75778|||for|||258.88946533203125|||6.0,6.0,6.0,|||250.75778,253.08012,256.56714,  [NTWVLD+NimbusRomNo9L-Regu]|||6.0|||647.7779|||261.1839|||personal|||284.8118591308594|||6.0,6.0,6.0,6.0,6.0,6.0,6.0,6.0,|||261.1839,264.6709,267.76736,270.08972,272.8026,276.2896,279.7766,282.87308,  [NTWVLD+NimbusRomNo9L-Regu]|||6.0|||647.7779|||287.09933|||or|||292.90869140625|||6.0,6.0,|||287.09933,290.58633, 
[NTWVLD+NimbusRomNo9L-Regu]|||6.0|||656.7439|||53.798065|||classroom|||82.07762908935547|||6.0,6.0,6.0,6.0,6.0,6.0,6.0,6.0,6.0,|||53.798065,56.89452,58.83329,61.929745,64.64263,67.355515,69.67786,73.164856,76.651855,  [NTWVLD+NimbusRomNo9L-Regu]|||6.0|||656.7439|||84.00943|||use|||93.30577087402344|||6.0,6.0,6.0,|||84.00943,87.49643,90.20931,  [NTWVLD+NimbusRomNo9L-Regu]|||6.0|||656.7439|||95.23757|||is|||99.88922882080078|||6.0,6.0,|||95.23757,97.176346,  [NTWVLD+NimbusRomNo9L-Regu]|||6.0|||656.7439|||101.828|||granted|||122.74303436279297|||6.0,6.0,6.0,6.0,6.0,6.0,6.0,|||101.828,105.315,107.637344,110.7338,114.2208,116.15958,119.256035,  [NTWVLD+NimbusRomNo9L-Regu]|||6.0|||656.7439|||124.674835|||without|||145.98736572265625|||6.0,6.0,6.0,6.0,6.0,6.0,6.0,|||124.674835,129.71007,131.64883,133.5876,137.0746,140.5616,144.0486,  [NTWVLD+NimbusRomNo9L-Regu]|||6.0|||656.7439|||147.91916|||fee|||156.4344024658203|||6.0,6.0,6.0,|||147.91916,150.2415,153.33795,  [NTWVLD+NimbusRomNo9L-Regu]|||6.0|||656.7439|||158.3662|||provided|||183.05413818359375|||6.0,6.0,6.0,6.0,6.0,6.0,6.0,6.0,|||158.3662,161.8532,164.17554,167.55792,171.04492,172.98369,176.47069,179.56714,  [NTWVLD+NimbusRomNo9L-Regu]|||6.0|||656.7439|||184.9929|||that|||195.45388793945312|||6.0,6.0,6.0,6.0,|||184.9929,186.93167,190.41867,193.51512,  [NTWVLD+NimbusRomNo9L-Regu]|||6.0|||656.7439|||197.38568|||copies|||215.20423889160156|||6.0,6.0,6.0,6.0,6.0,6.0,|||197.38568,200.48213,203.96913,207.45613,209.3949,212.49135,  [NTWVLD+NimbusRomNo9L-Regu]|||6.0|||656.7439|||217.13603|||are|||225.65127563476562|||6.0,6.0,6.0,|||217.13603,220.23248,222.55482,  [NTWVLD+NimbusRomNo9L-Regu]|||6.0|||656.7439|||227.58307|||not|||236.49583435058594|||6.0,6.0,6.0,|||227.58307,231.07007,234.55707,  [NTWVLD+NimbusRomNo9L-Regu]|||6.0|||656.7439|||238.4346|||made|||253.54026794433594|||6.0,6.0,6.0,6.0,|||238.4346,243.86037,246.95682,250.44382,  [NTWVLD+NimbusRomNo9L-Regu]|||6.0|||656.7439|||255.47206|||or|||261.28143310546875|||6.0,6.0,|||255.47206,258.95908,  [NTWVLD+NimbusRomNo9L-Regu]|||6.0|||656.7439|||263.21323|||distributed|||292.9085998535156|||6.0,6.0,6.0,6.0,6.0,6.0,6.0,6.0,6.0,6.0,6.0,|||263.21323,266.70023,268.639,271.3519,273.29068,275.61304,277.55182,280.89935,284.38635,286.32513,289.4216, 
[NTWVLD+NimbusRomNo9L-Regu]|||6.0|||665.7099|||53.798065|||for|||61.92974853515625|||6.0,6.0,6.0,|||53.798065,56.120407,59.607407,  [NTWVLD+NimbusRomNo9L-Regu]|||6.0|||665.7099|||64.3567|||profit|||79.46935272216797|||6.0,6.0,6.0,6.0,6.0,|||64.3567,67.8437,70.16604,73.65304,77.53058,  [NTWVLD+NimbusRomNo9L-Regu]|||6.0|||665.7099|||81.90328|||or|||87.7126235961914|||6.0,6.0,|||81.90328,85.39028,  [NTWVLD+NimbusRomNo9L-Regu]|||6.0|||665.7099|||90.13957|||commercial|||123.0638427734375|||6.0,6.0,6.0,6.0,6.0,6.0,6.0,6.0,6.0,6.0,|||90.13957,93.23603,96.72303,102.1488,107.57458,110.671036,112.99338,116.089836,118.02861,121.12507,  [NTWVLD+NimbusRomNo9L-Regu]|||6.0|||665.7099|||125.49079|||advantage,|||155.33251953125|||6.0,6.0,6.0,6.0,6.0,6.0,6.0,6.0,6.0,6.0,|||125.49079,128.58725,132.07425,135.3869,138.48335,141.97035,143.90912,147.00557,150.49257,153.58902,  [NTWVLD+NimbusRomNo9L-Regu]|||6.0|||665.7099|||157.93382|||and|||168.0042724609375|||6.0,6.0,6.0,|||157.93382,161.03027,164.51727,  [NTWVLD+NimbusRomNo9L-Regu]|||6.0|||665.7099|||170.43123|||that|||180.8922119140625|||6.0,6.0,6.0,6.0,|||170.43123,172.37,175.857,178.95345,  [NTWVLD+NimbusRomNo9L-Regu]|||6.0|||665.7099|||183.32614|||copies|||201.1446990966797|||6.0,6.0,6.0,6.0,6.0,6.0,|||183.32614,186.42259,189.90959,193.39659,195.33536,198.43181,  [NTWVLD+NimbusRomNo9L-Regu]|||6.0|||665.7099|||203.57166|||bear|||215.5738983154297|||6.0,6.0,6.0,6.0,|||203.57166,207.05865,210.1551,213.25156,  [NTWVLD+NimbusRomNo9L-Regu]|||6.0|||665.7099|||218.00085|||this|||228.07827758789062|||6.0,6.0,6.0,6.0,|||218.00085,219.93962,223.42662,225.36539,  [NTWVLD+NimbusRomNo9L-Regu]|||6.0|||665.7099|||230.5122|||notice|||247.556640625|||6.0,6.0,6.0,6.0,6.0,6.0,|||230.5122,233.9992,237.4862,239.42497,241.36374,244.46019,  [NTWVLD+NimbusRomNo9L-Regu]|||6.0|||665.7099|||249.9836|||and|||260.0540466308594|||6.0,6.0,6.0,|||249.9836,253.08005,256.56705,  [NTWVLD+NimbusRomNo9L-Regu]|||6.0|||665.7099|||262.481|||the|||271.00323486328125|||6.0,6.0,6.0,|||262.481,264.41977,267.90677,  [NTWVLD+NimbusRomNo9L-Regu]|||6.0|||665.7099|||273.43716|||full|||283.12408447265625|||6.0,6.0,6.0,6.0,|||273.43716,275.75952,279.24652,281.1853,  [NTWVLD+NimbusRomNo9L-Regu]|||6.0|||665.7099|||285.55103|||ci-|||292.90863037109375|||6.0,6.0,6.0,|||285.55103,288.6475,290.58627, 
[NTWVLD+NimbusRomNo9L-Regu]|||6.0|||674.6759|||53.798065|||tation|||69.6848373413086|||6.0,6.0,6.0,6.0,6.0,6.0,|||53.798065,55.73684,58.833294,60.772064,62.71084,66.19784,  [NTWVLD+NimbusRomNo9L-Regu]|||6.0|||674.6759|||71.82586|||on|||78.79985809326172|||6.0,6.0,|||71.82586,75.31286,  [NTWVLD+NimbusRomNo9L-Regu]|||6.0|||674.6759|||80.94785|||the|||89.47008514404297|||6.0,6.0,6.0,|||80.94785,82.88663,86.37363,  [NTWVLD+NimbusRomNo9L-Regu]|||6.0|||674.6759|||91.61111|||first|||102.462646484375|||6.0,6.0,6.0,6.0,|||91.61111,95.48865,97.81099,100.52387,  [NTWVLD+NimbusRomNo9L-Regu]|||6.0|||674.6759|||104.60367|||page.|||119.51408386230469|||6.0,6.0,6.0,6.0,6.0,|||104.60367,108.09067,111.187126,114.674126,117.770584,  [NTWVLD+NimbusRomNo9L-Regu]|||6.0|||674.6759|||122.87555|||Copyrights|||153.80523681640625|||6.0,6.0,6.0,6.0,6.0,6.0,6.0,6.0,6.0,6.0,|||122.87555,127.52721,131.0142,134.43147,137.91847,140.24081,142.17958,145.66658,149.15358,151.09235,  [NTWVLD+NimbusRomNo9L-Regu]|||6.0|||674.6759|||155.94626|||for|||164.07794189453125|||6.0,6.0,6.0,|||155.94626,158.2686,161.7556,  [NTWVLD+NimbusRomNo9L-Regu]|||6.0|||674.6759|||166.21896|||third-party|||196.04673767089844|||6.0,6.0,6.0,6.0,6.0,6.0,6.0,6.0,6.0,6.0,6.0,|||166.21896,168.15773,171.64473,173.5835,175.90584,179.39284,181.71518,185.20218,188.29863,190.62097,192.55974,  [NTWVLD+NimbusRomNo9L-Regu]|||6.0|||674.6759|||198.19473|||components|||231.90005493164062|||6.0,6.0,6.0,6.0,6.0,6.0,6.0,6.0,6.0,6.0,|||198.19473,201.29118,204.77818,210.20395,213.69095,217.17795,220.66495,223.7614,227.2484,229.18716,  [NTWVLD+NimbusRomNo9L-Regu]|||6.0|||674.6759|||234.04108|||of|||239.8504180908203|||6.0,6.0,|||234.04108,237.52808,  [NTWVLD+NimbusRomNo9L-Regu]|||6.0|||674.6759|||241.99144|||this|||252.06886291503906|||6.0,6.0,6.0,6.0,|||241.99144,243.9302,247.4172,249.35597,  [NTWVLD+NimbusRomNo9L-Regu]|||6.0|||674.6759|||254.20988|||work|||268.47174072265625|||6.0,6.0,6.0,6.0,|||254.20988,259.17538,262.66238,264.98474,  [NTWVLD+NimbusRomNo9L-Regu]|||6.0|||674.6759|||270.61972|||must|||284.1841735839844|||6.0,6.0,6.0,6.0,|||270.61972,276.0455,279.5325,282.2454,  [NTWVLD+NimbusRomNo9L-Regu]|||6.0|||674.6759|||286.3252|||be|||292.9086608886719|||6.0,6.0,|||286.3252,289.8122, 
[NTWVLD+NimbusRomNo9L-Regu]|||6.0|||683.6419|||53.798065|||honored.|||78.3953628540039|||6.0,6.0,6.0,6.0,6.0,6.0,6.0,6.0,|||53.798065,57.285065,60.772064,64.25906,67.74606,70.068405,73.16486,76.65186,  [NTWVLD+NimbusRomNo9L-Regu]|||6.0|||683.6419|||82.94939|||For|||92.53166961669922|||6.0,6.0,6.0,|||82.94939,86.72233,90.20933,  [NTWVLD+NimbusRomNo9L-Regu]|||6.0|||683.6419|||95.07718|||all|||102.05118560791016|||6.0,6.0,6.0,|||95.07718,98.17364,100.11241,  [NTWVLD+NimbusRomNo9L-Regu]|||6.0|||683.6419|||104.58972|||other|||118.92129516601562|||6.0,6.0,6.0,6.0,6.0,|||104.58972,108.07672,110.015495,113.502495,116.59895,  [NTWVLD+NimbusRomNo9L-Regu]|||6.0|||683.6419|||121.45983|||uses,|||135.21255493164062|||6.0,6.0,6.0,6.0,6.0,|||121.45983,124.94683,127.65971,130.75616,133.46906,  [NTWVLD+NimbusRomNo9L-Regu]|||6.0|||683.6419|||137.95334|||contact|||158.09422302246094|||6.0,6.0,6.0,6.0,6.0,6.0,6.0,|||137.95334,141.04979,144.53679,148.02379,149.96255,153.059,156.15546,  [NTWVLD+NimbusRomNo9L-Regu]|||6.0|||683.6419|||160.63974|||the|||169.16195678710938|||6.0,6.0,6.0,|||160.63974,162.5785,166.0655,  [NTWVLD+NimbusRomNo9L-Regu]|||6.0|||683.6419|||171.70049|||owner/author(s).|||217.81256103515625|||6.0,6.0,6.0,6.0,6.0,6.0,6.0,6.0,6.0,6.0,6.0,6.0,6.0,6.0,6.0,6.0,|||171.70049,175.01314,180.04837,183.53537,186.63182,188.95416,190.89293,193.98938,197.47638,199.41515,202.90215,206.38914,208.71149,211.03383,213.74672,216.06906,  [NTWVLD+NimbusRomNo9L-Regu]|||6.0|||683.6419|||222.36658|||Copyright|||250.5833740234375|||6.0,6.0,6.0,6.0,6.0,6.0,6.0,6.0,6.0,|||222.36658,227.01823,230.50523,233.9225,237.4095,239.73184,241.67061,245.15761,248.6446,  [NTWVLD+NimbusRomNo9L-Regu]|||6.0|||683.6419|||253.12889|||is|||257.7805480957031|||6.0,6.0,|||253.12889,255.06766,  [NTWVLD+NimbusRomNo9L-Regu]|||6.0|||683.6419|||260.3191|||held|||272.3283386230469|||6.0,6.0,6.0,6.0,|||260.3191,263.8061,266.90256,268.84134,  [NTWVLD+NimbusRomNo9L-Regu]|||6.0|||683.6419|||274.87384|||by|||281.84783935546875|||6.0,6.0,|||274.87384,278.36084,  [NTWVLD+NimbusRomNo9L-Regu]|||6.0|||683.6419|||284.38638|||the|||292.90863037109375|||6.0,6.0,6.0,|||284.38638,286.32516,289.81216, 
[NTWVLD+NimbusRomNo9L-Regu]|||6.0|||692.6079|||53.798065|||author/owner(s).|||99.91014862060547|||6.0,6.0,6.0,6.0,6.0,6.0,6.0,6.0,6.0,6.0,6.0,6.0,6.0,6.0,6.0,6.0,|||53.798065,56.89452,60.38152,62.32029,65.80729,69.29429,71.61663,73.555405,76.86806,81.90328,85.39028,88.48674,90.80908,93.131424,95.84431,98.16665, 
[ZJZNOM+NimbusRomNo9L-ReguItal]|||6.0|||701.5739|||53.798065|||ICS|||64.25906372070312|||6.0,6.0,6.0,|||53.798065,56.120407,60.772064,  [ZJZNOM+NimbusRomNo9L-ReguItal]|||6.0|||701.5739|||66.00256|||25th|||78.40233612060547|||6.0,6.0,6.0,6.0,|||66.00256,69.48956,72.97656,74.91534,  [ZJZNOM+NimbusRomNo9L-ReguItal]|||6.0|||701.5739|||80.145836|||Anniversary|||114.16500854492188|||6.0,6.0,6.0,6.0,6.0,6.0,6.0,6.0,6.0,6.0,6.0,|||80.145836,84.40695,87.89395,91.38095,93.319725,96.41618,99.51264,102.155785,104.86867,108.35567,111.06855,  [ZJZNOM+NimbusRomNo9L-ReguItal]|||6.0|||701.5739|||115.90851|||Volume.|||138.078857421875|||6.0,6.0,6.0,6.0,6.0,6.0,6.0,|||115.90851,119.39551,122.88251,124.82128,128.30829,133.34352,136.33536,  [NTWVLD+NimbusRomNo9L-Regu]|||6.0|||701.5739|||140.23807|||2014|||154.18606567382812|||6.0,6.0,6.0,6.0,|||140.23807,143.72507,147.21207,150.69907, 
[NTWVLD+NimbusRomNo9L-Regu]|||6.0|||710.5399|||53.798065|||ACM|||69.40587615966797|||6.0,6.0,6.0,|||53.798065,58.554333,63.20599,  [NTWVLD+NimbusRomNo9L-Regu]|||6.0|||710.5399|||71.149376|||978-1-4503-2840-1/14/06.|||145.33877563476562|||6.0,6.0,6.0,6.0,6.0,6.0,6.0,6.0,6.0,6.0,6.0,6.0,6.0,6.0,6.0,6.0,6.0,6.0,6.0,6.0,6.0,6.0,6.0,6.0,|||71.149376,74.636375,78.123375,81.610374,83.93272,87.419716,89.74206,93.22906,96.71606,100.20306,103.690056,106.0124,109.4994,112.9864,116.4734,119.960396,122.28274,125.76974,127.70851,131.19551,134.68251,136.62128,140.10828,143.59528, 
[NTWVLD+NimbusRomNo9L-Regu]|||6.0|||719.5059|||53.798065|||http://dx.doi.org/10.1145/2591635.2591649.|||177.85855102539062|||6.0,6.0,6.0,6.0,6.0,6.0,6.0,6.0,6.0,6.0,6.0,6.0,6.0,6.0,6.0,6.0,6.0,6.0,6.0,6.0,6.0,6.0,6.0,6.0,6.0,6.0,6.0,6.0,6.0,6.0,6.0,6.0,6.0,6.0,6.0,6.0,6.0,6.0,6.0,6.0,6.0,6.0,|||53.798065,57.285065,59.22384,61.162613,64.64961,66.58839,68.52716,70.465935,73.952934,77.43993,79.18343,82.67043,86.15743,88.09621,89.83971,93.326706,95.52351,99.01051,100.94929,104.43629,107.92329,109.66679,113.153786,116.640785,120.127785,123.614784,125.55356,129.04056,132.52756,136.01456,139.50156,142.98856,146.47556,149.96255,151.70605,155.19305,158.68005,162.16705,165.65405,169.14105,172.62805,176.11505, 
[DBHJRI+CMR9]|||8.0|||226.13593|||316.81207|||agreed,|||345.47637939453125|||8.0,8.0,8.0,8.0,8.0,8.0,8.0,|||316.81207,321.41162,326.01117,329.6155,333.71298,337.81046,342.92108,  [DBHJRI+CMR9]|||8.0|||226.13593|||347.78064|||and|||362.61041259765625|||8.0,8.0,8.0,|||347.78064,352.3802,357.4908,  [DBHJRI+CMR9]|||8.0|||226.13593|||364.7174|||thus|||381.8962707519531|||8.0,8.0,8.0,8.0,|||364.7174,368.29483,373.15442,378.26505,  [DBHJRI+CMR9]|||8.0|||226.13593|||384.0033|||a|||388.61181640625|||8.0,|||384.0033,  [DBHJRI+CMR9]|||8.0|||226.13593|||390.7188|||frenzy|||415.2946472167969|||8.0,8.0,8.0,8.0,8.0,8.0,|||390.7188,393.53415,397.1385,401.23596,406.3466,410.4351,  [DBHJRI+CMR9]|||8.0|||226.13593|||417.4106|||of|||424.82550048828125|||8.0,8.0,|||417.4106,422.01016,  [DBHJRI+CMR9]|||8.0|||226.13593|||426.94147|||branch|||454.32366943359375|||8.0,8.0,8.0,8.0,8.0,8.0,|||426.94147,432.0521,435.65643,440.25598,445.3666,449.20407,  [DBHJRI+CMR9]|||8.0|||226.13593|||456.42172|||predictor|||492.7698974609375|||8.0,8.0,8.0,8.0,8.0,8.0,8.0,8.0,8.0,|||456.42172,461.53235,465.1367,469.23416,474.3448,476.9001,480.9886,484.566,489.16556,  [DBHJRI+CMR9]|||8.0|||226.13593|||494.88586|||research|||527.477294921875|||8.0,8.0,8.0,8.0,8.0,8.0,8.0,8.0,|||494.88586,498.4902,502.58768,506.2189,510.31638,514.91595,518.52026,522.3577,  [DBHJRI+CMR9]|||8.0|||226.13593|||529.5843|||began.|||555.9083862304688|||8.0,8.0,8.0,8.0,8.0,8.0,|||529.5843,534.9459,539.0434,543.64294,548.2425,553.3531, 
[DBHJRI+CMR9]|||8.0|||236.59692|||316.81207|||We|||329.61553955078125|||8.0,8.0,|||316.81207,325.51807,  [DBHJRI+CMR9]|||8.0|||236.59692|||332.74466|||followed|||365.2374572753906|||8.0,8.0,8.0,8.0,8.0,8.0,8.0,8.0,|||332.74466,335.56,340.15955,342.71484,345.27014,349.61865,356.0204,360.11786,  [DBHJRI+CMR9]|||8.0|||236.59692|||368.35764|||our|||381.6721496582031|||8.0,8.0,8.0,|||368.35764,372.95718,378.0678,  [DBHJRI+CMR9]|||8.0|||236.59692|||384.80127|||first|||400.7338562011719|||8.0,8.0,8.0,8.0,|||384.80127,389.9119,393.51624,397.14746,  [DBHJRI+CMR9]|||8.0|||236.59692|||403.85403|||paper|||426.6277160644531|||8.0,8.0,8.0,8.0,8.0,|||403.85403,408.96466,413.5642,418.9259,423.02338,  [DBHJRI+CMR9]|||8.0|||236.59692|||429.75684|||with|||447.66192626953125|||8.0,8.0,8.0,8.0,|||429.75684,436.4096,438.9649,442.54233,  [DBHJRI+CMR9]|||8.0|||236.59692|||450.7821|||a|||455.390625|||8.0,|||450.7821,  [DBHJRI+CMR9]|||8.0|||236.59692|||458.5108|||more|||478.487060546875|||8.0,8.0,8.0,8.0,|||458.5108,466.1857,470.78525,474.3896,  [DBHJRI+CMR9]|||8.0|||236.59692|||481.61618|||comprehensive|||540.0027465820312|||8.0,8.0,8.0,8.0,8.0,8.0,8.0,8.0,8.0,8.0,8.0,8.0,8.0,|||481.61618,485.70468,490.30423,497.97913,503.08975,506.6941,510.79156,515.90216,519.99963,525.1102,528.74146,531.29675,535.9053,  [DBHJRI+CMR9]|||8.0|||236.59692|||543.1319|||pa-|||555.9173583984375|||8.0,8.0,8.0,|||543.1319,548.2425,552.84204, 
[DBHJRI+CMR9]|||8.0|||247.05792|||316.81207|||per|||329.8755798339844|||8.0,8.0,8.0,|||316.81207,322.17377,326.27124,  [DBHJRI+CMR9]|||8.0|||247.05792|||333.34543|||describing|||373.8179626464844|||8.0,8.0,8.0,8.0,8.0,8.0,8.0,8.0,8.0,8.0,|||333.34543,338.45605,342.55353,346.18475,350.27325,353.8776,356.4329,361.54352,364.09882,369.20944,  [DBHJRI+CMR9]|||8.0|||247.05792|||377.26987|||alternative|||420.2528381347656|||8.0,8.0,8.0,8.0,8.0,8.0,8.0,8.0,8.0,8.0,8.0,|||377.26987,381.86942,384.4247,388.00214,392.0996,395.70395,400.81458,405.41412,408.99155,411.54684,416.15536,  [DBHJRI+CMR9]|||8.0|||247.05792|||423.7227|||implementations|||489.99932861328125|||8.0,8.0,8.0,8.0,8.0,8.0,8.0,8.0,8.0,8.0,8.0,8.0,8.0,8.0,8.0,|||423.7227,426.27798,433.95288,439.0635,441.6188,445.71628,453.39117,457.48865,462.34824,465.92566,470.5252,474.10263,476.65793,481.25748,486.3681,  [DBHJRI+CMR9]|||8.0|||247.05792|||493.4602|||of|||500.8750915527344|||8.0,8.0,|||493.4602,498.05975,  [DBHJRI+CMR9]|||8.0|||247.05792|||504.34494|||the|||517.1304321289062|||8.0,8.0,8.0,|||504.34494,507.92236,513.03296,  [DBHJRI+CMR9]|||8.0|||247.05792|||520.6003|||two-level|||555.9083862304688|||8.0,8.0,8.0,8.0,8.0,8.0,8.0,8.0,8.0,|||520.6003,523.9267,530.3284,534.928,537.9943,540.5496,544.6471,549.2556,553.3531, 
[DBHJRI+CMR9]|||8.0|||257.51892|||316.81207|||scheme|||345.26123046875|||8.0,8.0,8.0,8.0,8.0,8.0,|||316.81207,320.4433,324.28076,329.3914,333.48886,341.16376,  [DBHJRI+CMR9]|||8.0|||257.51892|||347.75378|||in|||355.4286804199219|||8.0,8.0,|||347.75378,350.30908,  [DBHJRI+CMR9]|||8.0|||257.51892|||357.92123|||ISCA|||379.9148254394531|||8.0,8.0,8.0,8.0,|||357.92123,361.23865,366.34927,373.00204,  [DBHJRI+CMR9]|||8.0|||257.51892|||382.3984|||1992|||400.8055725097656|||8.0,8.0,8.0,8.0,|||382.3984,386.99796,391.5975,396.19705,  [DBHJRI+CMR9]|||8.0|||257.51892|||403.29813|||[6]|||413.0082702636719|||8.0,8.0,8.0,|||403.29813,405.85342,410.45297,  [DBHJRI+CMR9]|||8.0|||257.51892|||415.50082|||and|||430.3305969238281|||8.0,8.0,8.0,|||415.50082,420.10037,425.211,  [DBHJRI+CMR9]|||8.0|||257.51892|||432.82315|||Kimming|||470.1665344238281|||8.0,8.0,8.0,8.0,8.0,8.0,8.0,|||432.82315,439.987,442.5423,450.2172,457.8921,460.4474,465.558,  [DBHJRI+CMR9]|||8.0|||257.51892|||472.65012|||So|||482.3692626953125|||8.0,8.0,|||472.65012,477.76074,  [DBHJRI+CMR9]|||8.0|||257.51892|||484.86182|||and|||499.69158935546875|||8.0,8.0,8.0,|||484.86182,489.46136,494.572,  [DBHJRI+CMR9]|||8.0|||257.51892|||502.17517|||his|||513.4723510742188|||8.0,8.0,8.0,|||502.17517,507.2858,509.8411,  [DBHJRI+CMR9]|||8.0|||257.51892|||515.9739|||colleagues|||555.9083862304688|||8.0,8.0,8.0,8.0,8.0,8.0,8.0,8.0,8.0,8.0,|||515.9739,520.0624,524.6619,527.2172,529.7725,533.87,538.46954,543.0691,548.1797,552.27716, 
[DBHJRI+CMR9]|||8.0|||267.97992|||316.81207|||published|||355.2134704589844|||8.0,8.0,8.0,8.0,8.0,8.0,8.0,8.0,8.0,|||316.81207,321.9227,327.03333,332.14395,334.69925,337.25455,340.88577,345.9964,350.09387,  [DBHJRI+CMR9]|||8.0|||267.97992|||359.5351|||their|||378.4802551269531|||8.0,8.0,8.0,8.0,8.0,|||359.5351,363.11252,368.22314,372.32062,374.87592,  [DBHJRI+CMR9]|||8.0|||267.97992|||382.80188|||correlation|||425.80279541015625|||8.0,8.0,8.0,8.0,8.0,8.0,8.0,8.0,8.0,8.0,8.0,|||382.80188,386.89038,391.48993,395.09427,398.6986,402.79608,405.35138,409.95093,413.52835,416.08365,420.6832,  [DBHJRI+CMR9]|||8.0|||267.97992|||430.12442|||predictor|||466.47259521484375|||8.0,8.0,8.0,8.0,8.0,8.0,8.0,8.0,8.0,|||430.12442,435.23505,438.8394,442.93686,448.0475,450.60278,454.69128,458.2687,462.86826,  [DBHJRI+CMR9]|||8.0|||267.97992|||470.80316|||in|||478.4780578613281|||8.0,8.0,|||470.80316,473.35846,  [DBHJRI+CMR9]|||8.0|||267.97992|||482.7907|||ASPLOS|||519.1119384765625|||8.0,8.0,8.0,8.0,8.0,8.0,|||482.7907,489.69452,494.80515,501.0724,506.82855,513.9924,  [DBHJRI+CMR9]|||8.0|||267.97992|||523.43353|||[3]|||533.1436767578125|||8.0,8.0,8.0,|||523.43353,525.98883,530.5884,  [DBHJRI+CMR9]|||8.0|||267.97992|||537.47424|||later|||555.9083251953125|||8.0,8.0,8.0,8.0,8.0,|||537.47424,540.02954,544.6291,548.20654,552.304, 
[DBHJRI+CMR9]|||8.0|||278.44092|||316.81207|||that|||333.6860656738281|||8.0,8.0,8.0,8.0,|||316.81207,320.3895,325.50012,330.09967,  [DBHJRI+CMR9]|||8.0|||278.44092|||337.129|||same|||357.1231689453125|||8.0,8.0,8.0,8.0,|||337.129,340.75125,345.3508,353.0257,  [DBHJRI+CMR9]|||8.0|||278.44092|||360.57507|||year.|||380.0402526855469|||8.0,8.0,8.0,8.0,8.0,|||360.57507,365.1836,369.28107,373.8806,377.48495,  [DBHJRI+CMR9]|||8.0|||278.44092|||385.2764|||Soon|||404.956787109375|||8.0,8.0,8.0,8.0,|||385.2764,390.38702,395.23764,399.8372,  [DBHJRI+CMR9]|||8.0|||278.44092|||408.39078|||after,|||429.64019775390625|||8.0,8.0,8.0,8.0,8.0,8.0,|||408.39078,412.99033,415.80566,419.3831,423.48056,427.0849,  [DBHJRI+CMR9]|||8.0|||278.44092|||433.18176|||Scott|||454.1442565917969|||8.0,8.0,8.0,8.0,8.0,|||433.18176,438.2924,442.3809,446.98044,450.55786,  [DBHJRI+CMR9]|||8.0|||278.44092|||457.5872|||McFarling|||498.39141845703125|||8.0,8.0,8.0,8.0,8.0,8.0,8.0,8.0,8.0,|||457.5872,466.0242,470.1127,475.3578,479.95734,483.56168,486.11697,488.67227,493.7829,  [DBHJRI+CMR9]|||8.0|||278.44092|||501.8254|||introduced|||544.7993774414062|||8.0,8.0,8.0,8.0,8.0,8.0,8.0,8.0,8.0,8.0,|||501.8254,504.3807,509.2403,512.81775,516.42206,521.27264,526.38324,531.49384,535.58234,539.6798,  [DBHJRI+CMR9]|||8.0|||278.44092|||548.2423|||g-|||555.9171752929688|||8.0,8.0,|||548.2423,552.84186, 
[DBHJRI+CMR9]|||8.0|||288.90192|||316.81207|||share,|||340.41058349609375|||8.0,8.0,8.0,8.0,8.0,8.0,|||316.81207,320.4433,325.55392,330.15347,333.7578,337.8553,  [DBHJRI+CMR9]|||8.0|||288.90192|||344.22113|||a|||348.82965087890625|||8.0,|||344.22113,  [DBHJRI+CMR9]|||8.0|||288.90192|||352.4878|||variation|||388.0469055175781|||8.0,8.0,8.0,8.0,8.0,8.0,8.0,8.0,8.0,|||352.4878,356.8363,361.43585,365.0402,367.5955,372.19504,375.77246,378.32776,382.9273,  [DBHJRI+CMR9]|||8.0|||288.90192|||391.69608|||on|||401.41522216796875|||8.0,8.0,|||391.69608,396.29562,  [DBHJRI+CMR9]|||8.0|||288.90192|||405.07336|||the|||417.85888671875|||8.0,8.0,8.0,|||405.07336,408.6508,413.7614,  [DBHJRI+CMR9]|||8.0|||288.90192|||421.52597|||GAs|||439.28759765625|||8.0,8.0,8.0,|||421.52597,428.75256,435.65637,  [DBHJRI+CMR9]|||8.0|||288.90192|||442.94574|||two-level|||478.25384521484375|||8.0,8.0,8.0,8.0,8.0,8.0,8.0,8.0,8.0,|||442.94574,446.27213,452.67386,457.2734,460.33978,462.89508,466.99255,471.60107,475.69855,  [DBHJRI+CMR9]|||8.0|||288.90192|||481.92093|||predictor,|||520.8244018554688|||8.0,8.0,8.0,8.0,8.0,8.0,8.0,8.0,8.0,8.0,|||481.92093,487.03156,490.6359,494.73337,499.844,502.3993,506.4878,510.06522,514.6648,518.2691,  [DBHJRI+CMR9]|||8.0|||288.90192|||524.63495|||and|||539.4646606445312|||8.0,8.0,8.0,|||524.63495,529.2345,534.3451,  [DBHJRI+CMR9]|||8.0|||288.90192|||543.1228|||hy-|||555.917236328125|||8.0,8.0,8.0,|||543.1228,547.98236,552.8419, 
[DBHJRI+CMR9]|||8.0|||299.3629|||316.81207|||brid|||333.2019348144531|||8.0,8.0,8.0,8.0,|||316.81207,321.9227,325.52704,328.08234,  [DBHJRI+CMR9]|||8.0|||299.3629|||337.12903|||branch|||364.51123046875|||8.0,8.0,8.0,8.0,8.0,8.0,|||337.12903,342.23965,345.844,350.44354,355.55417,359.39163,  [DBHJRI+CMR9]|||8.0|||299.3629|||368.43832|||prediction|||408.8570556640625|||8.0,8.0,8.0,8.0,8.0,8.0,8.0,8.0,8.0,8.0,|||368.43832,373.54895,377.1533,381.25076,386.3614,388.9167,393.0052,396.5826,399.1379,403.73746,  [DBHJRI+CMR9]|||8.0|||299.3629|||412.78415|||[2].|||425.0495910644531|||8.0,8.0,8.0,8.0,|||412.78415,415.33945,419.939,422.4943,  [DBHJRI+CMR9]|||8.0|||299.3629|||431.7472|||The|||447.6080627441406|||8.0,8.0,8.0,|||431.7472,438.39996,443.5106,  [DBHJRI+CMR9]|||8.0|||299.3629|||451.54413|||computer|||489.4075622558594|||8.0,8.0,8.0,8.0,8.0,8.0,8.0,8.0,|||451.54413,455.63263,460.23218,467.90707,473.0177,478.12833,481.70575,485.80322,  [DBHJRI+CMR9]|||8.0|||299.3629|||493.34363|||architecture|||541.2041625976562|||8.0,8.0,8.0,8.0,8.0,8.0,8.0,8.0,8.0,8.0,8.0,8.0,|||493.34363,497.94318,501.54752,505.38498,510.4956,513.0509,516.62836,520.7258,524.81433,528.3918,533.5024,537.1067,  [DBHJRI+CMR9]|||8.0|||299.3629|||545.14026|||re-|||555.9173583984375|||8.0,8.0,8.0,|||545.14026,548.74457,552.84204, 
[DBHJRI+CMR9]|||8.0|||309.8239|||316.81207|||search|||341.70172119140625|||8.0,8.0,8.0,8.0,8.0,8.0,|||316.81207,320.4433,324.54077,329.14032,332.74466,336.58212,  [DBHJRI+CMR9]|||8.0|||309.8239|||344.20325|||landscape|||383.3577880859375|||8.0,8.0,8.0,8.0,8.0,8.0,8.0,8.0,8.0,|||344.20325,346.75854,351.3581,356.46872,361.57935,365.21057,369.29907,373.89862,379.2603,  [DBHJRI+CMR9]|||8.0|||309.8239|||385.87723|||had|||400.7070007324219|||8.0,8.0,8.0,|||385.87723,390.98785,395.5874,  [DBHJRI+CMR9]|||8.0|||309.8239|||403.20853|||changed|||435.68341064453125|||8.0,8.0,8.0,8.0,8.0,8.0,8.0,|||403.20853,407.046,412.15662,416.75616,421.8668,426.46634,430.5638,  [DBHJRI+CMR9]|||8.0|||309.8239|||438.18494|||in|||445.8598327636719|||8.0,8.0,|||438.18494,440.74023,  [DBHJRI+CMR9]|||8.0|||309.8239|||448.3703|||favor|||468.3465576171875|||8.0,8.0,8.0,8.0,8.0,|||448.3703,451.18564,455.53415,460.14267,464.74222,  [DBHJRI+CMR9]|||8.0|||309.8239|||470.85703|||of|||478.27191162109375|||8.0,8.0,|||470.85703,475.45657,  [DBHJRI+CMR9]|||8.0|||309.8239|||480.78238|||aggressive|||520.8065795898438|||8.0,8.0,8.0,8.0,8.0,8.0,8.0,8.0,8.0,8.0,|||480.78238,485.38193,489.98148,494.58102,498.18536,502.28284,505.91406,509.5453,512.1006,516.7091,  [DBHJRI+CMR9]|||8.0|||309.8239|||523.32605|||research|||555.9174194335938|||8.0,8.0,8.0,8.0,8.0,8.0,8.0,8.0,|||523.32605,526.93036,531.02783,534.65906,538.75653,543.3561,546.9604,550.79785, 
[DBHJRI+CMR9]|||8.0|||320.2849|||316.81207|||in|||324.4869689941406|||8.0,8.0,|||316.81207,319.36737,  [DBHJRI+CMR9]|||8.0|||320.2849|||327.54437|||branch|||354.92657470703125|||8.0,8.0,8.0,8.0,8.0,8.0,|||327.54437,332.655,336.25934,340.8589,345.9695,349.80698,  [DBHJRI+CMR9]|||8.0|||320.2849|||357.98398|||prediction.|||400.94903564453125|||8.0,8.0,8.0,8.0,8.0,8.0,8.0,8.0,8.0,8.0,8.0,|||357.98398,363.0946,366.69894,370.79642,375.90704,378.46234,382.55084,386.12827,388.68356,393.2831,398.39374, 
[DBHJRI+CMR9]|||8.0|||341.2069|||316.81207|||After|||337.8104553222656|||8.0,8.0,8.0,8.0,8.0,|||316.81207,323.71588,326.53122,330.10864,334.20612,  [DBHJRI+CMR9]|||8.0|||341.2069|||340.93958|||we|||351.43878173828125|||8.0,8.0,|||340.93958,347.3413,  [DBHJRI+CMR9]|||8.0|||341.2069|||354.55896|||adopted|||386.7738037109375|||8.0,8.0,8.0,8.0,8.0,8.0,8.0,|||354.55896,359.1585,364.26913,368.86868,373.9793,377.55673,381.6542,  [DBHJRI+CMR9]|||8.0|||341.2069|||389.89398|||state|||409.3770751953125|||8.0,8.0,8.0,8.0,8.0,|||389.89398,393.5252,397.10263,401.70218,405.2796,  [DBHJRI+CMR9]|||8.0|||341.2069|||412.5062|||of|||419.92108154296875|||8.0,8.0,|||412.5062,417.10574,  [DBHJRI+CMR9]|||8.0|||341.2069|||423.04126|||the|||435.8267822265625|||8.0,8.0,8.0,|||423.04126,426.61868,431.7293,  [DBHJRI+CMR9]|||8.0|||341.2069|||438.9559|||art|||450.7461853027344|||8.0,8.0,8.0,|||438.9559,443.55545,447.1598,  [DBHJRI+CMR9]|||8.0|||341.2069|||453.86636|||cache|||475.5999755859375|||8.0,8.0,8.0,8.0,8.0,|||453.86636,457.95486,462.5544,466.39188,471.5025,  [DBHJRI+CMR9]|||8.0|||341.2069|||478.72015|||designs|||507.4561767578125|||8.0,8.0,8.0,8.0,8.0,8.0,8.0,|||478.72015,483.83078,487.92825,491.55948,494.11478,498.71432,503.82495,  [DBHJRI+CMR9]|||8.0|||341.2069|||510.5853|||and|||525.4150390625|||8.0,8.0,8.0,|||510.5853,515.1849,520.2955,  [DBHJRI+CMR9]|||8.0|||341.2069|||528.5352|||branch|||555.9172973632812|||8.0,8.0,8.0,8.0,8.0,8.0,|||528.5352,533.6458,537.2501,541.8497,546.96027,550.7977, 
[DBHJRI+CMR9]|||8.0|||351.6679|||316.81207|||prediction|||357.2308044433594|||8.0,8.0,8.0,8.0,8.0,8.0,8.0,8.0,8.0,8.0,|||316.81207,321.9227,325.52704,329.6245,334.73514,337.29044,341.37894,344.95636,347.51166,352.1112,  [DBHJRI+CMR9]|||8.0|||351.6679|||360.8979|||schemes|||392.978271484375|||8.0,8.0,8.0,8.0,8.0,8.0,8.0,|||360.8979,364.5291,368.36658,373.4772,377.57468,385.24957,389.34705,  [DBHJRI+CMR9]|||8.0|||351.6679|||396.65433|||for|||407.6735534667969|||8.0,8.0,8.0,|||396.65433,399.46967,404.0692,  [DBHJRI+CMR9]|||8.0|||351.6679|||411.3496|||our|||424.66412353515625|||8.0,8.0,8.0,|||411.3496,415.94916,421.05978,  [DBHJRI+CMR9]|||8.0|||351.6679|||428.34915|||out-of-order|||476.1917419433594|||8.0,8.0,8.0,8.0,8.0,8.0,8.0,8.0,8.0,8.0,8.0,8.0,|||428.34915,432.9487,438.05933,441.63675,444.69415,449.2937,452.10904,455.1754,459.77496,463.3793,468.48993,472.5874,  [DBHJRI+CMR9]|||8.0|||351.6679|||479.87677|||processor|||517.085693359375|||8.0,8.0,8.0,8.0,8.0,8.0,8.0,8.0,8.0,|||479.87677,484.9874,488.59174,493.44235,497.53085,501.62833,505.25955,508.89078,513.4814,  [DBHJRI+CMR9]|||8.0|||351.6679|||520.7707|||research,|||555.9083862304688|||8.0,8.0,8.0,8.0,8.0,8.0,8.0,8.0,8.0,|||520.7707,524.375,528.4725,532.1037,536.2012,540.8007,544.405,548.2425,553.3531, 
[DBHJRI+CMR9]|||8.0|||362.1289|||316.81207|||one|||330.6197204589844|||8.0,8.0,8.0,|||316.81207,321.41162,326.52225,  [DBHJRI+CMR9]|||8.0|||362.1289|||333.24677|||bottleneck|||374.9207458496094|||8.0,8.0,8.0,8.0,8.0,8.0,8.0,8.0,8.0,8.0,|||333.24677,338.60846,343.208,346.78543,350.36285,352.91815,357.01562,362.12625,366.22372,370.0612,  [DBHJRI+CMR9]|||8.0|||362.1289|||377.5478|||we|||388.0469970703125|||8.0,8.0,|||377.5478,383.94952,  [DBHJRI+CMR9]|||8.0|||362.1289|||390.67404|||faced|||411.3945007324219|||8.0,8.0,8.0,8.0,8.0,|||390.67404,393.48938,398.08893,402.17743,406.2749,  [DBHJRI+CMR9]|||8.0|||362.1289|||414.01257|||was|||428.64508056640625|||8.0,8.0,8.0,|||414.01257,420.4143,425.01385,  [DBHJRI+CMR9]|||8.0|||362.1289|||431.27213|||predicting|||471.69085693359375|||8.0,8.0,8.0,8.0,8.0,8.0,8.0,8.0,8.0,8.0,|||431.27213,436.38275,439.9871,444.08456,449.1952,451.7505,455.839,459.4164,461.9717,467.08234,  [DBHJRI+CMR9]|||8.0|||362.1289|||474.30893|||only|||491.4339599609375|||8.0,8.0,8.0,8.0,|||474.30893,478.90848,484.0191,486.5744,  [DBHJRI+CMR9]|||8.0|||362.1289|||494.061|||one|||507.86865234375|||8.0,8.0,8.0,|||494.061,498.66055,503.77118,  [DBHJRI+CMR9]|||8.0|||362.1289|||510.4957|||branch|||537.8778076171875|||8.0,8.0,8.0,8.0,8.0,8.0,|||510.4957,515.6063,519.21063,523.8102,528.9208,532.75824,  [DBHJRI+CMR9]|||8.0|||362.1289|||540.49585|||at|||548.6818237304688|||8.0,8.0,|||540.49585,545.0954,  [DBHJRI+CMR9]|||8.0|||362.1289|||551.30884|||a|||555.9173583984375|||8.0,|||551.30884, 
[DBHJRI+CMR9]|||8.0|||372.5899|||316.81207|||time,|||337.2724609375|||8.0,8.0,8.0,8.0,8.0,|||316.81207,320.3895,322.9448,330.6197,334.71716,  [DBHJRI+CMR9]|||8.0|||372.5899|||340.1057|||which|||363.3814697265625|||8.0,8.0,8.0,8.0,8.0,|||340.1057,346.75848,351.8691,354.4244,358.26187,  [DBHJRI+CMR9]|||8.0|||372.5899|||366.143|||meant|||390.9609069824219|||8.0,8.0,8.0,8.0,8.0,|||366.143,373.8179,377.91537,382.51492,387.3745,  [DBHJRI+CMR9]|||8.0|||372.5899|||393.72244|||fetching|||425.4352111816406|||8.0,8.0,8.0,8.0,8.0,8.0,8.0,8.0,|||393.72244,396.53778,400.63525,404.21268,408.05014,413.16077,415.71606,420.8267,  [DBHJRI+CMR9]|||8.0|||372.5899|||428.19675|||only|||445.32177734375|||8.0,8.0,8.0,8.0,|||428.19675,432.7963,437.90692,440.46222,  [DBHJRI+CMR9]|||8.0|||372.5899|||448.0923|||to|||456.2782287597656|||8.0,8.0,|||448.0923,451.6697,  [DBHJRI+CMR9]|||8.0|||372.5899|||459.03976|||the|||471.8252868652344|||8.0,8.0,8.0,|||459.03976,462.6172,467.7278,  [DBHJRI+CMR9]|||8.0|||372.5899|||474.5958|||next|||492.2498474121094|||8.0,8.0,8.0,8.0,|||474.5958,479.70642,483.8039,488.66345,  [DBHJRI+CMR9]|||8.0|||372.5899|||495.02036|||branch|||522.4025268554688|||8.0,8.0,8.0,8.0,8.0,8.0,|||495.02036,500.13098,503.73532,508.33487,513.4455,517.28296,  [DBHJRI+CMR9]|||8.0|||372.5899|||525.16406|||instruc-|||555.9173583984375|||8.0,8.0,8.0,8.0,8.0,8.0,8.0,8.0,|||525.16406,527.71936,532.82996,536.4612,540.03864,543.64294,548.75354,552.84204, 
[DBHJRI+CMR9]|||8.0|||383.0509|||316.81207|||tion.|||335.21026611328125|||8.0,8.0,8.0,8.0,8.0,|||316.81207,320.3895,322.9448,327.54434,332.65497,  [DBHJRI+CMR9]|||8.0|||383.0509|||339.13736|||Since|||360.0998840332031|||8.0,8.0,8.0,8.0,8.0,|||339.13736,344.248,346.80328,351.9139,356.0024,  [DBHJRI+CMR9]|||8.0|||383.0509|||362.7|||branches|||397.80194091796875|||8.0,8.0,8.0,8.0,8.0,8.0,8.0,8.0,|||362.7,367.81064,371.41498,376.01453,381.12515,384.96262,390.07324,394.17072,  [DBHJRI+CMR9]|||8.0|||383.0509|||400.40207|||occur|||422.13568115234375|||8.0,8.0,8.0,8.0,8.0,|||400.40207,405.2527,409.3322,413.42072,418.53134,  [DBHJRI+CMR9]|||8.0|||383.0509|||424.7358|||approximately|||482.28851318359375|||8.0,8.0,8.0,8.0,8.0,8.0,8.0,8.0,8.0,8.0,8.0,8.0,8.0,|||424.7358,429.33536,434.44598,439.5566,443.16095,447.50946,452.36902,454.92432,462.5992,467.19876,470.77618,474.87366,477.42896,  [DBHJRI+CMR9]|||8.0|||383.0509|||484.88864|||every|||506.14703369140625|||8.0,8.0,8.0,8.0,8.0,|||484.88864,488.9861,493.59464,497.6921,501.28748,  [DBHJRI+CMR9]|||8.0|||383.0509|||508.74716|||five|||522.5637817382812|||8.0,8.0,8.0,|||508.74716,513.8578,518.4663,  [DBHJRI+CMR9]|||8.0|||383.0509|||525.16394|||instruc-|||555.917236328125|||8.0,8.0,8.0,8.0,8.0,8.0,8.0,8.0,|||525.16394,527.71924,532.82983,536.46106,540.0385,543.6428,548.7534,552.8419, 
[DBHJRI+CMR9]|||8.0|||393.5119|||316.81207|||tions,|||338.84149169921875|||8.0,8.0,8.0,8.0,8.0,8.0,|||316.81207,320.3895,322.9448,327.54434,332.65497,336.2862,  [DBHJRI+CMR9]|||8.0|||393.5119|||341.38785|||this|||356.2624206542969|||8.0,8.0,8.0,8.0,|||341.38785,344.96527,350.0759,352.6312,  [DBHJRI+CMR9]|||8.0|||393.5119|||358.6743|||was|||373.3067932128906|||8.0,8.0,8.0,|||358.6743,365.07602,369.67557,  [DBHJRI+CMR9]|||8.0|||393.5119|||375.7276|||a|||380.33612060546875|||8.0,|||375.7276,  [DBHJRI+CMR9]|||8.0|||393.5119|||382.739|||serious|||409.96875|||8.0,8.0,8.0,8.0,8.0,8.0,8.0,|||382.739,386.37024,390.4677,394.07205,396.62735,401.2269,406.33752,  [DBHJRI+CMR9]|||8.0|||393.5119|||412.38956|||handicap.|||451.2302551269531|||8.0,8.0,8.0,8.0,8.0,8.0,8.0,8.0,8.0,|||412.38956,417.50018,422.09973,427.21036,432.32098,434.87628,438.96478,443.56433,448.67496,  [DBHJRI+CMR9]|||8.0|||393.5119|||455.0946|||Continuing|||499.5838928222656|||8.0,8.0,8.0,8.0,8.0,8.0,8.0,8.0,8.0,8.0,|||455.0946,461.74738,466.34692,471.2065,474.78394,477.33923,482.19882,487.30945,489.86475,494.97537,  [DBHJRI+CMR9]|||8.0|||393.5119|||501.99576|||to|||510.18170166015625|||8.0,8.0,|||501.99576,505.57318,  [DBHJRI+CMR9]|||8.0|||393.5119|||512.5846|||fetch|||532.0318603515625|||8.0,8.0,8.0,8.0,8.0,|||512.5846,515.3999,519.4974,523.0748,526.9123,  [DBHJRI+CMR9]|||8.0|||393.5119|||534.4437|||along|||555.917236328125|||8.0,8.0,8.0,8.0,8.0,|||534.4437,539.0433,541.5986,546.1981,551.3087, 
[DBHJRI+CMR9]|||8.0|||403.9729|||316.81207|||the|||329.59759521484375|||8.0,8.0,8.0,|||316.81207,320.3895,325.50012,  [DBHJRI+CMR9]|||8.0|||403.9729|||332.87018|||fall-through|||380.1837463378906|||8.0,8.0,8.0,8.0,8.0,8.0,8.0,8.0,8.0,8.0,8.0,8.0,|||332.87018,335.68552,340.28506,342.84036,345.39566,348.46204,352.03946,357.1501,360.75443,365.35397,370.4646,375.06415,  [DBHJRI+CMR9]|||8.0|||403.9729|||383.44736|||path|||401.85455322265625|||8.0,8.0,8.0,8.0,|||383.44736,388.55798,393.15753,396.73495,  [DBHJRI+CMR9]|||8.0|||403.9729|||405.11816|||brings|||429.7298278808594|||8.0,8.0,8.0,8.0,8.0,8.0,|||405.11816,410.2288,413.83313,416.38843,421.49905,426.0986,  [DBHJRI+CMR9]|||8.0|||403.9729|||433.0024|||in|||440.67730712890625|||8.0,8.0,|||433.0024,435.5577,  [DBHJRI+CMR9]|||8.0|||403.9729|||443.94092|||more|||463.91717529296875|||8.0,8.0,8.0,8.0,|||443.94092,451.6158,456.21536,459.8197,  [DBHJRI+CMR9]|||8.0|||403.9729|||467.19873|||instructions,|||516.897216796875|||8.0,8.0,8.0,8.0,8.0,8.0,8.0,8.0,8.0,8.0,8.0,8.0,8.0,|||467.19873,469.75403,474.86465,478.49588,482.0733,485.66867,490.7793,494.8678,498.44522,501.00052,505.60007,510.7107,514.3419,  [DBHJRI+CMR9]|||8.0|||403.9729|||520.22363|||but|||534.03125|||8.0,8.0,8.0,|||520.22363,525.3342,530.4448,  [DBHJRI+CMR9]|||8.0|||403.9729|||537.29486|||a|||541.9033813476562|||8.0,|||537.29486,  [DBHJRI+CMR9]|||8.0|||403.9729|||545.17596|||lot|||555.917236328125|||8.0,8.0,8.0,|||545.17596,547.73126,552.3308, 
[DBHJRI+CMR9]|||8.0|||414.4339|||316.81207|||more|||336.788330078125|||8.0,8.0,8.0,8.0,|||316.81207,324.48697,329.08652,332.69086,  [DBHJRI+CMR9]|||8.0|||414.4339|||339.31674|||than|||357.72393798828125|||8.0,8.0,8.0,8.0,|||339.31674,342.89417,348.0048,352.60434,  [DBHJRI+CMR9]|||8.0|||414.4339|||360.24338|||50%|||377.11737060546875|||8.0,8.0,8.0,|||360.24338,364.84293,369.44247,  [DBHJRI+CMR9]|||8.0|||414.4339|||379.64578|||of|||387.0606689453125|||8.0,8.0,|||379.64578,384.24533,  [DBHJRI+CMR9]|||8.0|||414.4339|||389.58908|||branches|||424.6910095214844|||8.0,8.0,8.0,8.0,8.0,8.0,8.0,8.0,|||389.58908,394.6997,398.30405,402.9036,408.01422,411.85168,416.9623,421.05978,  [DBHJRI+CMR9]|||8.0|||414.4339|||427.21942|||follow|||450.7461853027344|||8.0,8.0,8.0,8.0,8.0,8.0,|||427.21942,430.03476,434.6343,437.1896,439.7449,444.0934,  [DBHJRI+CMR9]|||8.0|||414.4339|||453.2746|||the|||466.06011962890625|||8.0,8.0,8.0,|||453.2746,456.85202,461.96265,  [DBHJRI+CMR9]|||8.0|||414.4339|||468.58853|||taken|||490.5910949707031|||8.0,8.0,8.0,8.0,8.0,|||468.58853,472.16595,476.7655,481.37402,485.4715,  [DBHJRI+CMR9]|||8.0|||414.4339|||493.11053|||path|||511.5177307128906|||8.0,8.0,8.0,8.0,|||493.11053,498.22116,502.8207,506.39813,  [DBHJRI+CMR9]|||8.0|||414.4339|||514.0372|||and|||528.8668823242188|||8.0,8.0,8.0,|||514.0372,518.6367,523.7473,  [DBHJRI+CMR9]|||8.0|||414.4339|||531.38635|||it|||537.528076171875|||8.0,8.0,|||531.38635,533.94165,  [DBHJRI+CMR9]|||8.0|||414.4339|||540.04755|||flew|||555.9083862304688|||8.0,8.0,8.0,|||540.04755,545.15814,549.2556, 
[DBHJRI+CMR9]|||8.0|||424.8949|||316.81207|||counter|||346.74957275390625|||8.0,8.0,8.0,8.0,8.0,8.0,8.0,|||316.81207,320.90057,325.50012,330.61075,335.47034,339.04776,343.14523,  [DBHJRI+CMR9]|||8.0|||424.8949|||350.0939|||to|||358.27984619140625|||8.0,8.0,|||350.0939,353.67133,  [DBHJRI+CMR9]|||8.0|||424.8949|||361.60623|||the|||374.3917541503906|||8.0,8.0,8.0,|||361.60623,365.18365,370.29428,  [DBHJRI+CMR9]|||8.0|||424.8949|||377.73608|||huge|||396.4033203125|||8.0,8.0,8.0,8.0,|||377.73608,382.59567,387.7063,392.30585,  [DBHJRI+CMR9]|||8.0|||424.8949|||399.74765|||performance|||449.40142822265625|||8.0,8.0,8.0,8.0,8.0,8.0,8.0,8.0,8.0,8.0,8.0,|||399.74765,405.10934,409.20682,412.81116,415.6265,420.22604,423.83038,431.50528,436.10483,441.21545,445.30396,  [DBHJRI+CMR9]|||8.0|||424.8949|||452.74576|||benefits|||483.72332763671875|||8.0,8.0,8.0,8.0,8.0,8.0,8.0,|||452.74576,458.10745,462.20493,467.31555,471.40405,476.51468,480.0921,  [DBHJRI+CMR9]|||8.0|||424.8949|||487.06766|||being|||508.80126953125|||8.0,8.0,8.0,8.0,8.0,|||487.06766,492.42935,496.52682,499.08212,504.19275,  [DBHJRI+CMR9]|||8.0|||424.8949|||512.1366|||realized|||542.8540649414062|||8.0,8.0,8.0,8.0,8.0,8.0,8.0,8.0,|||512.1366,515.7409,519.8384,524.4379,526.9932,529.5485,533.637,537.7345,  [DBHJRI+CMR9]|||8.0|||424.8949|||546.1894|||by|||555.9085083007812|||8.0,8.0,|||546.1894,551.04895, 
[DBHJRI+CMR9]|||8.0|||435.3559|||316.81207|||the|||329.59759521484375|||8.0,8.0,8.0,|||316.81207,320.3895,325.50012,  [DBHJRI+CMR9]|||8.0|||435.3559|||332.66397|||aggressive|||372.68817138671875|||8.0,8.0,8.0,8.0,8.0,8.0,8.0,8.0,8.0,8.0,|||332.66397,337.26352,341.86307,346.46262,350.06696,354.16443,357.79565,361.42688,363.98218,368.5907,  [DBHJRI+CMR9]|||8.0|||435.3559|||375.75455|||branch|||403.1367492675781|||8.0,8.0,8.0,8.0,8.0,8.0,|||375.75455,380.86517,384.4695,389.06906,394.1797,398.01715,  [DBHJRI+CMR9]|||8.0|||435.3559|||406.19415|||predictor|||442.5423278808594|||8.0,8.0,8.0,8.0,8.0,8.0,8.0,8.0,8.0,|||406.19415,411.30478,414.90912,419.0066,424.11722,426.67252,430.76102,434.33844,438.938,  [DBHJRI+CMR9]|||8.0|||435.3559|||445.6087|||research|||478.2001647949219|||8.0,8.0,8.0,8.0,8.0,8.0,8.0,8.0,|||445.6087,449.21304,453.31052,456.94174,461.0392,465.63876,469.2431,473.08057,  [DBHJRI+CMR9]|||8.0|||435.3559|||481.25757|||at|||489.4435119628906|||8.0,8.0,|||481.25757,485.85712,  [DBHJRI+CMR9]|||8.0|||435.3559|||492.49194|||the|||505.2774658203125|||8.0,8.0,8.0,|||492.49194,496.06937,501.18,  [DBHJRI+CMR9]|||8.0|||435.3559|||508.34384|||time.|||528.8042602539062|||8.0,8.0,8.0,8.0,8.0,|||508.34384,511.92126,514.47656,522.1515,526.24896, 
[DBHJRI+CMR9]|||8.0|||456.2779|||316.81207|||We|||329.61553955078125|||8.0,8.0,|||316.81207,325.51807,  [DBHJRI+CMR9]|||8.0|||456.2779|||331.72253|||weren’t|||361.1758728027344|||8.0,8.0,8.0,8.0,8.0,8.0,8.0,|||331.72253,338.12427,342.22174,345.82608,349.92355,355.03418,357.58948,  [DBHJRI+CMR9]|||8.0|||456.2779|||363.26495|||the|||376.05047607421875|||8.0,8.0,8.0,|||363.26495,366.84238,371.953,  [DBHJRI+CMR9]|||8.0|||456.2779|||378.15747|||only|||395.2825012207031|||8.0,8.0,8.0,8.0,|||378.15747,382.75702,387.86765,390.42294,  [DBHJRI+CMR9]|||8.0|||456.2779|||397.38055|||ones|||414.8194274902344|||8.0,8.0,8.0,8.0,|||397.38055,401.9801,407.09073,411.1882,  [DBHJRI+CMR9]|||8.0|||456.2779|||416.92645|||thinking|||450.4144287109375|||8.0,8.0,8.0,8.0,8.0,8.0,8.0,8.0,|||416.92645,420.50388,425.6145,428.1698,433.28043,438.13998,440.69528,445.8059,  [DBHJRI+CMR9]|||8.0|||456.2779|||452.5035|||about|||475.7613220214844|||8.0,8.0,8.0,8.0,8.0,|||452.5035,457.10306,462.46475,467.0643,472.17493,  [DBHJRI+CMR9]|||8.0|||456.2779|||477.85938|||this|||492.73394775390625|||8.0,8.0,8.0,8.0,|||477.85938,481.4368,486.54742,489.10272,  [DBHJRI+CMR9]|||8.0|||456.2779|||494.84094|||problem.|||530.1400146484375|||8.0,8.0,8.0,8.0,8.0,8.0,8.0,8.0,|||494.84094,499.95157,503.54694,508.14648,513.2571,515.8124,519.90985,527.5847,  [DBHJRI+CMR9]|||8.0|||456.2779|||533.9147|||Com-|||555.917236328125|||8.0,8.0,8.0,8.0,|||533.9147,540.56744,545.167,552.8419, 
[DBHJRI+CMR9]|||8.0|||466.7389|||316.81207|||piler|||334.735107421875|||8.0,8.0,8.0,8.0,8.0,|||316.81207,321.9227,324.478,327.0333,331.13077,  [DBHJRI+CMR9]|||8.0|||466.7389|||337.37112|||teams|||360.9516906738281|||8.0,8.0,8.0,8.0,8.0,|||337.37112,340.94855,345.04602,349.64557,357.32047,  [DBHJRI+CMR9]|||8.0|||466.7389|||363.5877|||were|||381.7797546386719|||8.0,8.0,8.0,8.0,|||363.5877,369.98944,374.0869,377.68228,  [DBHJRI+CMR9]|||8.0|||466.7389|||384.41577|||working|||416.1553955078125|||8.0,8.0,8.0,8.0,8.0,8.0,8.0,|||384.41577,390.8175,395.41705,399.0214,403.88095,406.43625,411.54688,  [DBHJRI+CMR9]|||8.0|||466.7389|||418.78244|||on|||428.5015869140625|||8.0,8.0,|||418.78244,423.382,  [DBHJRI+CMR9]|||8.0|||466.7389|||431.12863|||making|||460.5370788574219|||8.0,8.0,8.0,8.0,8.0,8.0,|||431.12863,438.80353,443.40308,448.26263,450.81793,455.92856,  [DBHJRI+CMR9]|||8.0|||466.7389|||463.16412|||basic|||483.1582946777344|||8.0,8.0,8.0,8.0,8.0,|||463.16412,468.27475,472.8743,476.50552,479.06082,  [DBHJRI+CMR9]|||8.0|||466.7389|||485.77637|||blocks|||510.62115478515625|||8.0,8.0,8.0,8.0,8.0,8.0,|||485.77637,490.887,493.4423,498.2929,502.13037,506.98993,  [DBHJRI+CMR9]|||8.0|||466.7389|||513.25714|||larger|||536.317626953125|||8.0,8.0,8.0,8.0,8.0,8.0,|||513.25714,515.81244,520.412,524.0163,528.61584,532.7133,  [DBHJRI+CMR9]|||8.0|||466.7389|||538.9536|||by|||548.6727294921875|||8.0,8.0,|||538.9536,543.8132,  [DBHJRI+CMR9]|||8.0|||466.7389|||551.3087|||a|||555.917236328125|||8.0,|||551.3087, 
[DBHJRI+CMR9]|||8.0|||477.1999|||316.81207|||variety|||344.20318603515625|||8.0,8.0,8.0,8.0,8.0,8.0,8.0,|||316.81207,321.16058,325.76013,329.36447,331.91977,336.01724,339.34363,  [DBHJRI+CMR9]|||8.0|||477.1999|||346.24744|||of|||353.6623229980469|||8.0,8.0,|||346.24744,350.847,  [DBHJRI+CMR9]|||8.0|||477.1999|||355.70657|||techniques,|||400.2496643066406|||8.0,8.0,8.0,8.0,8.0,8.0,8.0,8.0,8.0,8.0,8.0,|||355.70657,359.284,363.38147,367.21893,372.32956,377.4402,379.99548,384.85504,389.96567,394.06314,397.69437,  [DBHJRI+CMR9]|||8.0|||477.1999|||402.50012|||including|||439.29656982421875|||8.0,8.0,8.0,8.0,8.0,8.0,8.0,8.0,8.0,|||402.50012,405.05542,410.16605,414.25455,416.80984,421.92047,427.0311,429.57742,434.68805,  [DBHJRI+CMR9]|||8.0|||477.1999|||441.33185|||superpipelining,|||505.3042907714844|||8.0,8.0,8.0,8.0,8.0,8.0,8.0,8.0,8.0,8.0,8.0,8.0,8.0,8.0,8.0,8.0,|||441.33185,444.96307,450.0737,455.4354,459.53287,463.1372,468.24783,470.80313,476.16483,480.2623,482.8176,485.3729,490.48352,493.03882,498.14944,502.749,  [DBHJRI+CMR9]|||8.0|||477.1999|||507.55475|||trace|||527.5220336914062|||8.0,8.0,8.0,8.0,8.0,|||507.55475,511.13217,514.7365,519.33606,523.42456,  [DBHJRI+CMR9]|||8.0|||477.1999|||529.5663|||schedul-|||562.0948486328125|||8.0,8.0,8.0,8.0,8.0,8.0,8.0,8.0,|||529.5663,533.1975,537.035,542.14557,546.24304,551.35364,556.46423,559.01953, 
[DBHJRI+CMR9]|||8.0|||487.6609|||316.81207|||ing,|||331.6328430175781|||8.0,8.0,8.0,8.0,|||316.81207,319.36737,324.478,329.07755,  [DBHJRI+CMR9]|||8.0|||487.6609|||335.42548|||and|||350.2552490234375|||8.0,8.0,8.0,|||335.42548,340.02502,345.13565,  [DBHJRI+CMR9]|||8.0|||487.6609|||353.88647|||superblocks.|||403.0919189453125|||8.0,8.0,8.0,8.0,8.0,8.0,8.0,8.0,8.0,8.0,8.0,8.0,|||353.88647,357.5177,362.62833,367.99002,372.0875,375.69183,380.80246,383.35776,388.20837,392.04584,396.9054,400.53662,  [DBHJRI+CMR9]|||8.0|||487.6609|||408.91983|||However,|||445.5369873046875|||8.0,8.0,8.0,8.0,8.0,8.0,8.0,8.0,|||408.91983,415.82364,420.17215,426.57388,430.67136,435.27988,439.37735,442.9817,  [DBHJRI+CMR9]|||8.0|||487.6609|||449.32065|||success|||477.59942626953125|||8.0,8.0,8.0,8.0,8.0,8.0,8.0,|||449.32065,452.95187,458.0625,462.151,466.2395,470.33698,473.9682,  [DBHJRI+CMR9]|||8.0|||487.6609|||481.2486|||was|||495.881103515625|||8.0,8.0,8.0,|||481.2486,487.65033,492.24988,  [DBHJRI+CMR9]|||8.0|||487.6609|||499.53027|||limited|||527.6566162109375|||8.0,8.0,8.0,8.0,8.0,8.0,8.0,|||499.53027,502.08557,504.64087,512.3158,514.8711,518.4396,522.53705,  [DBHJRI+CMR9]|||8.0|||487.6609|||531.2968|||to|||539.4827880859375|||8.0,8.0,|||531.2968,534.87427,  [DBHJRI+CMR9]|||8.0|||487.6609|||543.123|||the|||555.9085083007812|||8.0,8.0,8.0,|||543.123,546.70044,551.81104, 
[DBHJRI+CMR9]|||8.0|||498.1219|||316.81207|||quality|||344.6783447265625|||8.0,8.0,8.0,8.0,8.0,8.0,8.0,|||316.81207,321.67163,326.78226,331.3818,333.9371,336.4924,339.8188,  [DBHJRI+CMR9]|||8.0|||498.1219|||348.75787|||of|||356.1727600097656|||8.0,8.0,|||348.75787,353.35742,  [DBHJRI+CMR9]|||8.0|||498.1219|||360.26126|||profiling|||393.5161437988281|||8.0,8.0,8.0,8.0,8.0,8.0,8.0,8.0,|||360.26126,365.3719,368.97623,373.57578,378.6864,381.2417,383.797,388.90762,  [DBHJRI+CMR9]|||8.0|||498.1219|||397.5867|||information|||444.3981628417969|||8.0,8.0,8.0,8.0,8.0,8.0,8.0,8.0,8.0,8.0,8.0,|||397.5867,400.142,405.25262,408.06796,412.6675,416.27185,423.94675,428.5463,432.12372,434.67902,439.27856,  [DBHJRI+CMR9]|||8.0|||498.1219|||448.4777|||and|||463.3074645996094|||8.0,8.0,8.0,|||448.4777,453.07724,458.18787,  [DBHJRI+CMR9]|||8.0|||498.1219|||467.37802|||it|||473.51971435546875|||8.0,8.0,|||467.37802,469.93332,  [DBHJRI+CMR9]|||8.0|||498.1219|||477.59924|||was|||492.23175048828125|||8.0,8.0,8.0,|||477.59924,484.00098,488.60052,  [DBHJRI+CMR9]|||8.0|||498.1219|||496.31128|||already|||525.7376708984375|||8.0,8.0,8.0,8.0,8.0,8.0,8.0,|||496.31128,500.91083,503.46613,507.07047,511.16794,515.7675,520.8781,  [DBHJRI+CMR9]|||8.0|||498.1219|||529.8262|||known|||555.9171752929688|||8.0,8.0,8.0,8.0,8.0,|||529.8262,534.6857,539.7963,544.14484,550.7976, 
[DBHJRI+CMR9]|||8.0|||508.5829|||316.81207|||that|||333.6860656738281|||8.0,8.0,8.0,8.0,|||316.81207,320.3895,325.50012,330.09967,  [DBHJRI+CMR9]|||8.0|||508.5829|||336.5283|||dynamic|||370.53631591796875|||8.0,8.0,8.0,8.0,8.0,8.0,8.0,|||336.5283,341.63892,346.49847,351.6091,356.20865,363.88354,366.43884,  [DBHJRI+CMR9]|||8.0|||508.5829|||373.37854|||hardware|||410.50677490234375|||8.0,8.0,8.0,8.0,8.0,8.0,8.0,8.0,|||373.37854,378.48917,383.0887,386.69305,391.80368,398.2054,402.80496,406.4093,       
         
         
        
        
       
        
         
         
       
         
        
         
        
     
          
        
      


        
       
         
     
      
        
          
        
          
         
         
        
        
         

        
       
        
        
          
       
           
     
         
       
          
       
           
          
          
        
        
          
         
          
       
          
          
        
         
         
         
      
 
 
          
      
         
    
   
      
      
  
          
      
      
     
     
 
          
       
    
         
       
    
  
        
      
      
     



